name	term	lev	seq	value
"positive regulation of intracellular signal transduction"	GO:0000187;GO:0032147;GO:0043406;GO:0045860;GO:0043405;GO:0043410;GO:0071902;GO:0001934;GO:0033674;GO:0031401;GO:0042327;GO:0032270;GO:0045937;GO:0031325;GO:0051247;GO:0010562;GO:0009893;GO:0010604;GO:0051173;GO:0051347;GO:0043085;GO:0044093;GO:0043408;GO:1902533;GO:1902531;GO:0009967;GO:0010647;GO:0023056	6	TRINITY_DN2354_c0_g1	0
"positive regulation of intracellular signal transduction"	GO:0000187;GO:0032147;GO:0043406;GO:0045860;GO:0043405;GO:0043410;GO:0071902;GO:0001934;GO:0033674;GO:0031401;GO:0042327;GO:0032270;GO:0045937;GO:0031325;GO:0051247;GO:0010562;GO:0009893;GO:0010604;GO:0051173;GO:0051347;GO:0043085;GO:0044093;GO:0043408;GO:1902533;GO:1902531;GO:0009967;GO:0010647;GO:0023056	6	TRINITY_DN254274_c0_g1	0
"positive regulation of intracellular signal transduction"	GO:0000187;GO:0032147;GO:0043406;GO:0045860;GO:0043405;GO:0043410;GO:0071902;GO:0001934;GO:0033674;GO:0031401;GO:0042327;GO:0032270;GO:0045937;GO:0031325;GO:0051247;GO:0010562;GO:0009893;GO:0010604;GO:0051173;GO:0051347;GO:0043085;GO:0044093;GO:0043408;GO:1902533;GO:1902531;GO:0009967;GO:0010647;GO:0023056	6	TRINITY_DN292394_c0_g1	0
"positive regulation of intracellular signal transduction"	GO:0000187;GO:0032147;GO:0043406;GO:0045860;GO:0043405;GO:0043410;GO:0071902;GO:0001934;GO:0033674;GO:0031401;GO:0042327;GO:0032270;GO:0045937;GO:0031325;GO:0051247;GO:0010562;GO:0009893;GO:0010604;GO:0051173;GO:0051347;GO:0043085;GO:0044093;GO:0043408;GO:1902533;GO:1902531;GO:0009967;GO:0010647;GO:0023056	6	TRINITY_DN294139_c0_g3	0
"positive regulation of intracellular signal transduction"	GO:0000187;GO:0032147;GO:0043406;GO:0045860;GO:0043405;GO:0043410;GO:0071902;GO:0001934;GO:0033674;GO:0031401;GO:0042327;GO:0032270;GO:0045937;GO:0031325;GO:0051247;GO:0010562;GO:0009893;GO:0010604;GO:0051173;GO:0051347;GO:0043085;GO:0044093;GO:0043408;GO:1902533;GO:1902531;GO:0009967;GO:0010647;GO:0023056	6	TRINITY_DN298143_c0_g1	0.90164158940335
"positive regulation of intracellular signal transduction"	GO:0000187;GO:0032147;GO:0043406;GO:0045860;GO:0043405;GO:0043410;GO:0071902;GO:0001934;GO:0033674;GO:0031401;GO:0042327;GO:0032270;GO:0045937;GO:0031325;GO:0051247;GO:0010562;GO:0009893;GO:0010604;GO:0051173;GO:0051347;GO:0043085;GO:0044093;GO:0043408;GO:1902533;GO:1902531;GO:0009967;GO:0010647;GO:0023056	6	TRINITY_DN298441_c0_g1	0
"positive regulation of intracellular signal transduction"	GO:0000187;GO:0032147;GO:0043406;GO:0045860;GO:0043405;GO:0043410;GO:0071902;GO:0001934;GO:0033674;GO:0031401;GO:0042327;GO:0032270;GO:0045937;GO:0031325;GO:0051247;GO:0010562;GO:0009893;GO:0010604;GO:0051173;GO:0051347;GO:0043085;GO:0044093;GO:0043408;GO:1902533;GO:1902531;GO:0009967;GO:0010647;GO:0023056	6	TRINITY_DN295269_c0_g3	0
"protein modification by small protein conjugation or removal"	GO:0070647	5	TRINITY_DN234177_c0_g1	0
"protein modification by small protein conjugation or removal"	GO:0070647	5	TRINITY_DN271251_c0_g1	0
"protein modification by small protein conjugation or removal"	GO:0070647	5	TRINITY_DN276603_c0_g1	0
"protein modification by small protein conjugation or removal"	GO:0070647	5	TRINITY_DN294100_c0_g2	0
"protein modification by small protein conjugation or removal"	GO:0070647	5	TRINITY_DN294741_c0_g1	0
"protein modification by small protein conjugation or removal"	GO:0070647	5	TRINITY_DN296379_c5_g1	0
"protein modification by small protein conjugation or removal"	GO:0070647	5	TRINITY_DN299296_c0_g1	0
"protein modification by small protein conjugation or removal"	GO:0070647	5	TRINITY_DN314173_c2_g1	0
"protein modification by small protein conjugation or removal"	GO:0070647	5	TRINITY_DN314255_c0_g1	0
"protein modification by small protein conjugation or removal"	GO:0070647	5	TRINITY_DN33815_c0_g1	0
"protein modification by small protein conjugation or removal"	GO:0070647	5	TRINITY_DN34409_c0_g1	0
"cellular amino acid metabolic process"	GO:1901607;GO:1901605;GO:0006520;GO:0008652	5	TRINITY_DN255881_c0_g1	0
"cellular amino acid metabolic process"	GO:1901607;GO:1901605;GO:0006520;GO:0008652	5	TRINITY_DN294661_c0_g1	0.902617564192808
"cellular amino acid metabolic process"	GO:1901607;GO:1901605;GO:0006520;GO:0008652	5	TRINITY_DN299758_c2_g1	0
"cellular amino acid metabolic process"	GO:1901607;GO:1901605;GO:0006520;GO:0008652	5	TRINITY_DN312062_c0_g1	0.823170138573718
"cellular amino acid metabolic process"	GO:1901607;GO:1901605;GO:0006520;GO:0008652	5	TRINITY_DN314835_c0_g1	0
"cellular amino acid metabolic process"	GO:1901607;GO:1901605;GO:0006520;GO:0008652	5	TRINITY_DN314835_c0_g2	0
"cellular amino acid metabolic process"	GO:1901607;GO:1901605;GO:0006520;GO:0008652	5	TRINITY_DN372963_c0_g1	0
"cellular amino acid metabolic process"	GO:1901607;GO:1901605;GO:0006520;GO:0008652	5	TRINITY_DN63784_c0_g1	0
"cellular amino acid metabolic process"	GO:1901607;GO:1901605;GO:0006520;GO:0008652	5	TRINITY_DN310747_c3_g1	0
"regulation of cell cycle"	GO:0051726	3	TRINITY_DN228040_c0_g1	0
"regulation of cell cycle"	GO:0051726	3	TRINITY_DN254119_c0_g1	0
"regulation of cell cycle"	GO:0051726	3	TRINITY_DN254270_c0_g1	0.892762373546819
"regulation of cell cycle"	GO:0051726	3	TRINITY_DN271276_c0_g1	0
"regulation of cell cycle"	GO:0051726	3	TRINITY_DN299755_c1_g2	0
"regulation of cell cycle"	GO:0051726	3	TRINITY_DN299755_c1_g3	0
"regulation of cell cycle"	GO:0051726	3	TRINITY_DN312745_c1_g1	0
"regulation of cell cycle"	GO:0051726	3	TRINITY_DN312745_c1_g3	0
"regulation of cell cycle"	GO:0051726	3	TRINITY_DN316221_c2_g2	0
"regulation of cell cycle"	GO:0051726	3	TRINITY_DN451916_c0_g1	0
"negative regulation of macromolecule metabolic process"	GO:0010629;GO:0010605;GO:0009892	2	TRINITY_DN104382_c0_g1	0.808844264315001
"negative regulation of macromolecule metabolic process"	GO:0010629;GO:0010605;GO:0009892	2	TRINITY_DN1511_c0_g1	0
"negative regulation of macromolecule metabolic process"	GO:0010629;GO:0010605;GO:0009892	2	TRINITY_DN151696_c0_g1	0
"negative regulation of macromolecule metabolic process"	GO:0010629;GO:0010605;GO:0009892	2	TRINITY_DN151698_c0_g1	0
"negative regulation of macromolecule metabolic process"	GO:0010629;GO:0010605;GO:0009892	2	TRINITY_DN231519_c0_g1	0
"negative regulation of macromolecule metabolic process"	GO:0010629;GO:0010605;GO:0009892	2	TRINITY_DN254004_c0_g3	0
"negative regulation of macromolecule metabolic process"	GO:0010629;GO:0010605;GO:0009892	2	TRINITY_DN256912_c0_g1	0
"negative regulation of macromolecule metabolic process"	GO:0010629;GO:0010605;GO:0009892	2	TRINITY_DN276572_c0_g1	0
"negative regulation of macromolecule metabolic process"	GO:0010629;GO:0010605;GO:0009892	2	TRINITY_DN278325_c0_g1	0
"negative regulation of macromolecule metabolic process"	GO:0010629;GO:0010605;GO:0009892	2	TRINITY_DN292384_c0_g1	0
"negative regulation of macromolecule metabolic process"	GO:0010629;GO:0010605;GO:0009892	2	TRINITY_DN294670_c1_g2	0
"negative regulation of macromolecule metabolic process"	GO:0010629;GO:0010605;GO:0009892	2	TRINITY_DN298470_c0_g1	0.943222967967973
"negative regulation of macromolecule metabolic process"	GO:0010629;GO:0010605;GO:0009892	2	TRINITY_DN298470_c0_g3	0
"negative regulation of macromolecule metabolic process"	GO:0010629;GO:0010605;GO:0009892	2	TRINITY_DN299271_c0_g2	0.938729658965651
"negative regulation of macromolecule metabolic process"	GO:0010629;GO:0010605;GO:0009892	2	TRINITY_DN312794_c0_g1	0
"negative regulation of macromolecule metabolic process"	GO:0010629;GO:0010605;GO:0009892	2	TRINITY_DN34932_c0_g1	0
"negative regulation of macromolecule metabolic process"	GO:0010629;GO:0010605;GO:0009892	2	TRINITY_DN35365_c0_g1	0
"negative regulation of macromolecule metabolic process"	GO:0010629;GO:0010605;GO:0009892	2	TRINITY_DN664099_c0_g1	0
"cellular protein modification process"	GO:0006464;GO:0036211	3	TRINITY_DN115924_c0_g1	-0.547941701563518
"cellular protein modification process"	GO:0006464;GO:0036211	3	TRINITY_DN119056_c0_g1	0
"cellular protein modification process"	GO:0006464;GO:0036211	3	TRINITY_DN227395_c0_g2	0
"cellular protein modification process"	GO:0006464;GO:0036211	3	TRINITY_DN234177_c0_g1	0
"cellular protein modification process"	GO:0006464;GO:0036211	3	TRINITY_DN2516_c0_g1	0
"cellular protein modification process"	GO:0006464;GO:0036211	3	TRINITY_DN271251_c0_g1	0
"cellular protein modification process"	GO:0006464;GO:0036211	3	TRINITY_DN276603_c0_g1	0
"cellular protein modification process"	GO:0006464;GO:0036211	3	TRINITY_DN27666_c0_g1	0
"cellular protein modification process"	GO:0006464;GO:0036211	3	TRINITY_DN277215_c0_g1	0
"cellular protein modification process"	GO:0006464;GO:0036211	3	TRINITY_DN294100_c0_g2	0
"cellular protein modification process"	GO:0006464;GO:0036211	3	TRINITY_DN294611_c0_g1	0
"cellular protein modification process"	GO:0006464;GO:0036211	3	TRINITY_DN294741_c0_g1	0
"cellular protein modification process"	GO:0006464;GO:0036211	3	TRINITY_DN296379_c5_g1	0
"cellular protein modification process"	GO:0006464;GO:0036211	3	TRINITY_DN299296_c0_g1	0
"cellular protein modification process"	GO:0006464;GO:0036211	3	TRINITY_DN299783_c0_g3	0
"cellular protein modification process"	GO:0006464;GO:0036211	3	TRINITY_DN310732_c2_g5	0
"cellular protein modification process"	GO:0006464;GO:0036211	3	TRINITY_DN311039_c3_g1	0
"cellular protein modification process"	GO:0006464;GO:0036211	3	TRINITY_DN311076_c1_g2	0
"cellular protein modification process"	GO:0006464;GO:0036211	3	TRINITY_DN311984_c0_g2	0
"cellular protein modification process"	GO:0006464;GO:0036211	3	TRINITY_DN312044_c4_g1	0
"cellular protein modification process"	GO:0006464;GO:0036211	3	TRINITY_DN312737_c2_g4	0
"cellular protein modification process"	GO:0006464;GO:0036211	3	TRINITY_DN314173_c2_g1	0
"cellular protein modification process"	GO:0006464;GO:0036211	3	TRINITY_DN314255_c0_g1	0
"cellular protein modification process"	GO:0006464;GO:0036211	3	TRINITY_DN314832_c0_g1	0
"cellular protein modification process"	GO:0006464;GO:0036211	3	TRINITY_DN316238_c1_g3	0.953875973411216
"cellular protein modification process"	GO:0006464;GO:0036211	3	TRINITY_DN324953_c0_g1	0
"cellular protein modification process"	GO:0006464;GO:0036211	3	TRINITY_DN33815_c0_g1	0
"cellular protein modification process"	GO:0006464;GO:0036211	3	TRINITY_DN34409_c0_g1	0
"cellular protein modification process"	GO:0006464;GO:0036211	3	TRINITY_DN35696_c0_g1	0
"cellular protein modification process"	GO:0006464;GO:0036211	3	TRINITY_DN523722_c0_g1	0
"cellular protein modification process"	GO:0006464;GO:0036211	3	TRINITY_DN676967_c0_g1	0
"protein modification by small protein conjugation"	GO:0016567;GO:0032446	2	TRINITY_DN234177_c0_g1	0
"protein modification by small protein conjugation"	GO:0016567;GO:0032446	2	TRINITY_DN276603_c0_g1	0
"protein modification by small protein conjugation"	GO:0016567;GO:0032446	2	TRINITY_DN294100_c0_g2	0
"protein modification by small protein conjugation"	GO:0016567;GO:0032446	2	TRINITY_DN294741_c0_g1	0
"protein modification by small protein conjugation"	GO:0016567;GO:0032446	2	TRINITY_DN296379_c5_g1	0
"protein modification by small protein conjugation"	GO:0016567;GO:0032446	2	TRINITY_DN299296_c0_g1	0
"protein modification by small protein conjugation"	GO:0016567;GO:0032446	2	TRINITY_DN314173_c2_g1	0
"protein modification by small protein conjugation"	GO:0016567;GO:0032446	2	TRINITY_DN33815_c0_g1	0
"protein modification by small protein conjugation"	GO:0016567;GO:0032446	2	TRINITY_DN34409_c0_g1	0
"protein peptidyl-prolyl isomerization"	GO:0000413;GO:0018208;GO:0018193	7	TRINITY_DN119056_c0_g1	0
"protein peptidyl-prolyl isomerization"	GO:0000413;GO:0018208;GO:0018193	7	TRINITY_DN2516_c0_g1	0
"protein peptidyl-prolyl isomerization"	GO:0000413;GO:0018208;GO:0018193	7	TRINITY_DN311984_c0_g2	0
"protein peptidyl-prolyl isomerization"	GO:0000413;GO:0018208;GO:0018193	7	TRINITY_DN312737_c2_g4	0
"protein peptidyl-prolyl isomerization"	GO:0000413;GO:0018208;GO:0018193	7	TRINITY_DN316238_c1_g3	0.953875973411216
"protein peptidyl-prolyl isomerization"	GO:0000413;GO:0018208;GO:0018193	7	TRINITY_DN523722_c0_g1	0
"regulation of cell communication"	GO:0009966;GO:0010646;GO:0023051	3	TRINITY_DN2354_c0_g1	0
"regulation of cell communication"	GO:0009966;GO:0010646;GO:0023051	3	TRINITY_DN254274_c0_g1	0
"regulation of cell communication"	GO:0009966;GO:0010646;GO:0023051	3	TRINITY_DN292394_c0_g1	0
"regulation of cell communication"	GO:0009966;GO:0010646;GO:0023051	3	TRINITY_DN293484_c0_g1	0.888969926362395
"regulation of cell communication"	GO:0009966;GO:0010646;GO:0023051	3	TRINITY_DN293484_c0_g3	0.612409218654969
"regulation of cell communication"	GO:0009966;GO:0010646;GO:0023051	3	TRINITY_DN294139_c0_g3	0
"regulation of cell communication"	GO:0009966;GO:0010646;GO:0023051	3	TRINITY_DN295269_c0_g3	0
"regulation of cell communication"	GO:0009966;GO:0010646;GO:0023051	3	TRINITY_DN298143_c0_g1	0.90164158940335
"regulation of cell communication"	GO:0009966;GO:0010646;GO:0023051	3	TRINITY_DN298441_c0_g1	0
"macromolecule modification"	GO:0043412	2	TRINITY_DN104274_c0_g1	0
"macromolecule modification"	GO:0043412	2	TRINITY_DN115924_c0_g1	-0.547941701563518
"macromolecule modification"	GO:0043412	2	TRINITY_DN119056_c0_g1	0
"macromolecule modification"	GO:0043412	2	TRINITY_DN227395_c0_g2	0
"macromolecule modification"	GO:0043412	2	TRINITY_DN231084_c0_g1	0
"macromolecule modification"	GO:0043412	2	TRINITY_DN234177_c0_g1	0
"macromolecule modification"	GO:0043412	2	TRINITY_DN238614_c0_g1	0.756290974743228
"macromolecule modification"	GO:0043412	2	TRINITY_DN2516_c0_g1	0
"macromolecule modification"	GO:0043412	2	TRINITY_DN271211_c1_g1	0.875251545259879
"macromolecule modification"	GO:0043412	2	TRINITY_DN271251_c0_g1	0
"macromolecule modification"	GO:0043412	2	TRINITY_DN271669_c0_g1	0
"macromolecule modification"	GO:0043412	2	TRINITY_DN276603_c0_g1	0
"macromolecule modification"	GO:0043412	2	TRINITY_DN27666_c0_g1	0
"macromolecule modification"	GO:0043412	2	TRINITY_DN277215_c0_g1	0
"macromolecule modification"	GO:0043412	2	TRINITY_DN293826_c5_g4	0
"macromolecule modification"	GO:0043412	2	TRINITY_DN293826_c5_g5	0
"macromolecule modification"	GO:0043412	2	TRINITY_DN294100_c0_g2	0
"macromolecule modification"	GO:0043412	2	TRINITY_DN294187_c0_g1	0
"macromolecule modification"	GO:0043412	2	TRINITY_DN294611_c0_g1	0
"macromolecule modification"	GO:0043412	2	TRINITY_DN294741_c0_g1	0
"macromolecule modification"	GO:0043412	2	TRINITY_DN296379_c5_g1	0
"macromolecule modification"	GO:0043412	2	TRINITY_DN296750_c0_g4	0
"macromolecule modification"	GO:0043412	2	TRINITY_DN298235_c4_g1	0
"macromolecule modification"	GO:0043412	2	TRINITY_DN298443_c0_g1	0
"macromolecule modification"	GO:0043412	2	TRINITY_DN299296_c0_g1	0
"macromolecule modification"	GO:0043412	2	TRINITY_DN299783_c0_g3	0
"macromolecule modification"	GO:0043412	2	TRINITY_DN310732_c2_g5	0
"macromolecule modification"	GO:0043412	2	TRINITY_DN311039_c3_g1	0
"macromolecule modification"	GO:0043412	2	TRINITY_DN311076_c1_g2	0
"macromolecule modification"	GO:0043412	2	TRINITY_DN311419_c1_g2	0
"macromolecule modification"	GO:0043412	2	TRINITY_DN311984_c0_g2	0
"macromolecule modification"	GO:0043412	2	TRINITY_DN312007_c1_g4	0
"macromolecule modification"	GO:0043412	2	TRINITY_DN312044_c4_g1	0
"macromolecule modification"	GO:0043412	2	TRINITY_DN312737_c2_g4	0
"macromolecule modification"	GO:0043412	2	TRINITY_DN314173_c2_g1	0
"macromolecule modification"	GO:0043412	2	TRINITY_DN314255_c0_g1	0
"macromolecule modification"	GO:0043412	2	TRINITY_DN314832_c0_g1	0
"macromolecule modification"	GO:0043412	2	TRINITY_DN316238_c1_g3	0.953875973411216
"macromolecule modification"	GO:0043412	2	TRINITY_DN324953_c0_g1	0
"macromolecule modification"	GO:0043412	2	TRINITY_DN33815_c0_g1	0
"macromolecule modification"	GO:0043412	2	TRINITY_DN34409_c0_g1	0
"macromolecule modification"	GO:0043412	2	TRINITY_DN35696_c0_g1	0
"macromolecule modification"	GO:0043412	2	TRINITY_DN523722_c0_g1	0
"macromolecule modification"	GO:0043412	2	TRINITY_DN676967_c0_g1	0
"organonitrogen compound catabolic process"	GO:1901565	2	TRINITY_DN274628_c0_g1	0
"organonitrogen compound catabolic process"	GO:1901565	2	TRINITY_DN299783_c0_g3	0
"organonitrogen compound catabolic process"	GO:1901565	2	TRINITY_DN311076_c1_g2	0
"organonitrogen compound catabolic process"	GO:1901565	2	TRINITY_DN324953_c0_g1	0
"organonitrogen compound catabolic process"	GO:1901565	2	TRINITY_DN668916_c0_g1	0
"carbohydrate metabolic process"	GO:0005975	3	TRINITY_DN274797_c0_g1	0
"carbohydrate metabolic process"	GO:0005975	3	TRINITY_DN292914_c1_g1	0
"carbohydrate metabolic process"	GO:0005975	3	TRINITY_DN298417_c3_g1	0
"carbohydrate metabolic process"	GO:0005975	3	TRINITY_DN299298_c0_g1	0.794326605982128
"carbohydrate metabolic process"	GO:0005975	3	TRINITY_DN312705_c0_g2	0
"DNA metabolic process"	GO:0006259	2	TRINITY_DN11157_c0_g1	0
"DNA metabolic process"	GO:0006259	2	TRINITY_DN22013_c0_g1	0
"DNA metabolic process"	GO:0006259	2	TRINITY_DN226749_c0_g1	0.906858796603995
"DNA metabolic process"	GO:0006259	2	TRINITY_DN238638_c0_g1	0
"DNA metabolic process"	GO:0006259	2	TRINITY_DN292970_c0_g1	0
"DNA metabolic process"	GO:0006259	2	TRINITY_DN292970_c0_g2	0
"DNA metabolic process"	GO:0006259	2	TRINITY_DN294144_c2_g1	0
"DNA metabolic process"	GO:0006259	2	TRINITY_DN298161_c0_g2	0
"DNA metabolic process"	GO:0006259	2	TRINITY_DN298237_c0_g2	0
"DNA metabolic process"	GO:0006259	2	TRINITY_DN298603_c0_g1	0
"DNA metabolic process"	GO:0006259	2	TRINITY_DN314174_c1_g2	0
"DNA metabolic process"	GO:0006259	2	TRINITY_DN485646_c0_g1	0
"DNA metabolic process"	GO:0006259	2	TRINITY_DN621412_c0_g1	0
"immune system process"	GO:0002376	1	TRINITY_DN226686_c0_g1	0
"immune system process"	GO:0002376	1	TRINITY_DN293339_c0_g1	0
"immune system process"	GO:0002376	1	TRINITY_DN298863_c0_g2	0
"immune system process"	GO:0002376	1	TRINITY_DN299263_c0_g1	0
"immune system process"	GO:0002376	1	TRINITY_DN299263_c0_g2	0
"immune system process"	GO:0002376	1	TRINITY_DN312745_c1_g2	0
"immune system process"	GO:0002376	1	TRINITY_DN314626_c2_g2	0
"immune system process"	GO:0002376	1	TRINITY_DN314626_c2_g4	0
"multicellular organismal process"	GO:0032501	1	TRINITY_DN277042_c0_g1	0
"multicellular organismal process"	GO:0032501	1	TRINITY_DN293398_c2_g2	0
"multicellular organismal process"	GO:0032501	1	TRINITY_DN310761_c3_g1	0
"multicellular organismal process"	GO:0032501	1	TRINITY_DN62175_c0_g1	0
"multicellular organismal process"	GO:0032501	1	TRINITY_DN656609_c0_g1	0
"lipid metabolic process"	GO:0044255;GO:0006629	2	TRINITY_DN11147_c0_g1	0
"lipid metabolic process"	GO:0044255;GO:0006629	2	TRINITY_DN111543_c0_g1	0
"lipid metabolic process"	GO:0044255;GO:0006629	2	TRINITY_DN172833_c0_g1	0
"lipid metabolic process"	GO:0044255;GO:0006629	2	TRINITY_DN215898_c0_g1	0
"lipid metabolic process"	GO:0044255;GO:0006629	2	TRINITY_DN226917_c0_g1	0
"lipid metabolic process"	GO:0044255;GO:0006629	2	TRINITY_DN238495_c0_g1	0
"lipid metabolic process"	GO:0044255;GO:0006629	2	TRINITY_DN256470_c1_g2	0
"lipid metabolic process"	GO:0044255;GO:0006629	2	TRINITY_DN296361_c0_g1	0.854445263210741
"lipid metabolic process"	GO:0044255;GO:0006629	2	TRINITY_DN296361_c0_g2	0
"lipid metabolic process"	GO:0044255;GO:0006629	2	TRINITY_DN298815_c0_g1	0.869163046343076
"lipid metabolic process"	GO:0044255;GO:0006629	2	TRINITY_DN310086_c1_g2	0
"lipid metabolic process"	GO:0044255;GO:0006629	2	TRINITY_DN310086_c1_g4	0
"lipid metabolic process"	GO:0044255;GO:0006629	2	TRINITY_DN311070_c1_g1	0
"lipid metabolic process"	GO:0044255;GO:0006629	2	TRINITY_DN311792_c0_g1	0
"lipid metabolic process"	GO:0044255;GO:0006629	2	TRINITY_DN312711_c0_g1	0
"lipid metabolic process"	GO:0044255;GO:0006629	2	TRINITY_DN312765_c0_g1	0.891171669831389
"lipid metabolic process"	GO:0044255;GO:0006629	2	TRINITY_DN312765_c0_g3	0
"lipid metabolic process"	GO:0044255;GO:0006629	2	TRINITY_DN312765_c0_g4	0.970378230218717
"lipid metabolic process"	GO:0044255;GO:0006629	2	TRINITY_DN314170_c1_g1	0
"lipid metabolic process"	GO:0044255;GO:0006629	2	TRINITY_DN314170_c2_g1	0
"lipid metabolic process"	GO:0044255;GO:0006629	2	TRINITY_DN314170_c3_g1	0
"lipid metabolic process"	GO:0044255;GO:0006629	2	TRINITY_DN314170_c4_g1	0
"lipid metabolic process"	GO:0044255;GO:0006629	2	TRINITY_DN314641_c0_g1	0
"lipid metabolic process"	GO:0044255;GO:0006629	2	TRINITY_DN314830_c2_g1	0
"lipid metabolic process"	GO:0044255;GO:0006629	2	TRINITY_DN314830_c3_g3	0
"lipid metabolic process"	GO:0044255;GO:0006629	2	TRINITY_DN380357_c0_g1	0
"lipid metabolic process"	GO:0044255;GO:0006629	2	TRINITY_DN46282_c0_g1	0
"lipid metabolic process"	GO:0044255;GO:0006629	2	TRINITY_DN226185_c0_g1	0
"lipid metabolic process"	GO:0044255;GO:0006629	2	TRINITY_DN293491_c0_g1	0
"response to stimulus"	GO:0006950;GO:0050896	2	TRINITY_DN11157_c0_g1	0
"response to stimulus"	GO:0006950;GO:0050896	2	TRINITY_DN173930_c0_g1	0
"response to stimulus"	GO:0006950;GO:0050896	2	TRINITY_DN22013_c0_g1	0
"response to stimulus"	GO:0006950;GO:0050896	2	TRINITY_DN222961_c0_g1	0
"response to stimulus"	GO:0006950;GO:0050896	2	TRINITY_DN226749_c0_g1	0.906858796603995
"response to stimulus"	GO:0006950;GO:0050896	2	TRINITY_DN238638_c0_g1	0
"response to stimulus"	GO:0006950;GO:0050896	2	TRINITY_DN254119_c0_g1	0
"response to stimulus"	GO:0006950;GO:0050896	2	TRINITY_DN256323_c0_g1	0
"response to stimulus"	GO:0006950;GO:0050896	2	TRINITY_DN276555_c0_g1	0
"response to stimulus"	GO:0006950;GO:0050896	2	TRINITY_DN276555_c0_g2	0.91928973431492
"response to stimulus"	GO:0006950;GO:0050896	2	TRINITY_DN276563_c0_g1	0.703631856647724
"response to stimulus"	GO:0006950;GO:0050896	2	TRINITY_DN276932_c0_g1	0
"response to stimulus"	GO:0006950;GO:0050896	2	TRINITY_DN292970_c0_g1	0
"response to stimulus"	GO:0006950;GO:0050896	2	TRINITY_DN292970_c0_g2	0
"response to stimulus"	GO:0006950;GO:0050896	2	TRINITY_DN293455_c0_g1	0
"response to stimulus"	GO:0006950;GO:0050896	2	TRINITY_DN293455_c0_g2	0
"response to stimulus"	GO:0006950;GO:0050896	2	TRINITY_DN294144_c2_g1	0
"response to stimulus"	GO:0006950;GO:0050896	2	TRINITY_DN294674_c6_g1	0
"response to stimulus"	GO:0006950;GO:0050896	2	TRINITY_DN295083_c2_g1	0
"response to stimulus"	GO:0006950;GO:0050896	2	TRINITY_DN295214_c0_g1	0
"response to stimulus"	GO:0006950;GO:0050896	2	TRINITY_DN298161_c0_g2	0
"response to stimulus"	GO:0006950;GO:0050896	2	TRINITY_DN298863_c0_g2	0
"response to stimulus"	GO:0006950;GO:0050896	2	TRINITY_DN298863_c1_g1	0
"response to stimulus"	GO:0006950;GO:0050896	2	TRINITY_DN299020_c1_g3	0
"response to stimulus"	GO:0006950;GO:0050896	2	TRINITY_DN299040_c0_g1	0
"response to stimulus"	GO:0006950;GO:0050896	2	TRINITY_DN310739_c1_g5	0
"response to stimulus"	GO:0006950;GO:0050896	2	TRINITY_DN312005_c0_g4	0
"response to stimulus"	GO:0006950;GO:0050896	2	TRINITY_DN312745_c1_g1	0
"response to stimulus"	GO:0006950;GO:0050896	2	TRINITY_DN312745_c1_g3	0
"response to stimulus"	GO:0006950;GO:0050896	2	TRINITY_DN312753_c3_g2	0
"response to stimulus"	GO:0006950;GO:0050896	2	TRINITY_DN314174_c1_g2	0
"response to stimulus"	GO:0006950;GO:0050896	2	TRINITY_DN316233_c1_g2	0
"response to stimulus"	GO:0006950;GO:0050896	2	TRINITY_DN318519_c0_g1	0
"response to stimulus"	GO:0006950;GO:0050896	2	TRINITY_DN451916_c0_g1	0
"response to stimulus"	GO:0006950;GO:0050896	2	TRINITY_DN542301_c0_g1	0
"response to stimulus"	GO:0006950;GO:0050896	2	TRINITY_DN65927_c0_g1	0
"response to stimulus"	GO:0006950;GO:0050896	2	TRINITY_DN136047_c0_g1	0
"response to stimulus"	GO:0006950;GO:0050896	2	TRINITY_DN226686_c0_g1	0
"response to stimulus"	GO:0006950;GO:0050896	2	TRINITY_DN228081_c0_g1	0
"response to stimulus"	GO:0006950;GO:0050896	2	TRINITY_DN294146_c2_g3	0
"response to stimulus"	GO:0006950;GO:0050896	2	TRINITY_DN295269_c0_g6	0
"response to stimulus"	GO:0006950;GO:0050896	2	TRINITY_DN310021_c0_g1	0
"ribosomal small subunit assembly"	GO:0000028	2	TRINITY_DN102378_c0_g1	0
"ribosomal small subunit assembly"	GO:0000028	2	TRINITY_DN102429_c0_g1	0
"ribosomal small subunit assembly"	GO:0000028	2	TRINITY_DN104879_c0_g1	0
"ribosomal small subunit assembly"	GO:0000028	2	TRINITY_DN17691_c0_g1	0
"ribosomal small subunit assembly"	GO:0000028	2	TRINITY_DN259592_c0_g1	0
"ribosomal small subunit assembly"	GO:0000028	2	TRINITY_DN276550_c0_g1	0
"ribosomal small subunit assembly"	GO:0000028	2	TRINITY_DN276550_c1_g1	0
"ribosomal small subunit assembly"	GO:0000028	2	TRINITY_DN276550_c2_g1	0
"ribosomal small subunit assembly"	GO:0000028	2	TRINITY_DN276861_c0_g1	0
"ribosomal small subunit assembly"	GO:0000028	2	TRINITY_DN292998_c5_g2	0.956397322697903
"ribosomal small subunit assembly"	GO:0000028	2	TRINITY_DN292998_c5_g3	0.832211261917673
"ribosomal small subunit assembly"	GO:0000028	2	TRINITY_DN292998_c5_g4	0
"ribosomal small subunit assembly"	GO:0000028	2	TRINITY_DN292998_c5_g6	0
"ribosomal small subunit assembly"	GO:0000028	2	TRINITY_DN316936_c5_g1	0
"ribosomal small subunit assembly"	GO:0000028	2	TRINITY_DN444549_c0_g1	0
"cellular localization"	GO:0051641;GO:0006886;GO:0008104;GO:0015031;GO:0046907;GO:0033036;GO:0015833;GO:0045184;GO:0051649;GO:0042886	2	TRINITY_DN278343_c0_g1	0
"cellular localization"	GO:0051641;GO:0006886;GO:0008104;GO:0015031;GO:0046907;GO:0033036;GO:0015833;GO:0045184;GO:0051649;GO:0042886	2	TRINITY_DN292335_c2_g11	0
"cellular localization"	GO:0051641;GO:0006886;GO:0008104;GO:0015031;GO:0046907;GO:0033036;GO:0015833;GO:0045184;GO:0051649;GO:0042886	2	TRINITY_DN293346_c7_g1	0
"cellular localization"	GO:0051641;GO:0006886;GO:0008104;GO:0015031;GO:0046907;GO:0033036;GO:0015833;GO:0045184;GO:0051649;GO:0042886	2	TRINITY_DN295224_c1_g2	0
"cellular localization"	GO:0051641;GO:0006886;GO:0008104;GO:0015031;GO:0046907;GO:0033036;GO:0015833;GO:0045184;GO:0051649;GO:0042886	2	TRINITY_DN299759_c0_g1	0.897258880520678
"cellular localization"	GO:0051641;GO:0006886;GO:0008104;GO:0015031;GO:0046907;GO:0033036;GO:0015833;GO:0045184;GO:0051649;GO:0042886	2	TRINITY_DN311498_c1_g1	0.908153890286017
"cellular localization"	GO:0051641;GO:0006886;GO:0008104;GO:0015031;GO:0046907;GO:0033036;GO:0015833;GO:0045184;GO:0051649;GO:0042886	2	TRINITY_DN316646_c2_g1	0
"cellular localization"	GO:0051641;GO:0006886;GO:0008104;GO:0015031;GO:0046907;GO:0033036;GO:0015833;GO:0045184;GO:0051649;GO:0042886	2	TRINITY_DN52681_c0_g1	0
"cellular localization"	GO:0051641;GO:0006886;GO:0008104;GO:0015031;GO:0046907;GO:0033036;GO:0015833;GO:0045184;GO:0051649;GO:0042886	2	TRINITY_DN659541_c0_g1	0
"RNA splicing"	GO:0000377;GO:0000375;GO:0008380;GO:0000398;GO:0006397	6	TRINITY_DN104613_c0_g1	0
"RNA splicing"	GO:0000377;GO:0000375;GO:0008380;GO:0000398;GO:0006397	6	TRINITY_DN136912_c0_g1	0
"RNA splicing"	GO:0000377;GO:0000375;GO:0008380;GO:0000398;GO:0006397	6	TRINITY_DN139711_c0_g1	0
"RNA splicing"	GO:0000377;GO:0000375;GO:0008380;GO:0000398;GO:0006397	6	TRINITY_DN226750_c0_g1	0
"RNA splicing"	GO:0000377;GO:0000375;GO:0008380;GO:0000398;GO:0006397	6	TRINITY_DN227519_c0_g1	0
"RNA splicing"	GO:0000377;GO:0000375;GO:0008380;GO:0000398;GO:0006397	6	TRINITY_DN233622_c0_g1	0.850834414651611
"RNA splicing"	GO:0000377;GO:0000375;GO:0008380;GO:0000398;GO:0006397	6	TRINITY_DN255206_c0_g1	0.818570020140512
"RNA splicing"	GO:0000377;GO:0000375;GO:0008380;GO:0000398;GO:0006397	6	TRINITY_DN256593_c0_g1	0
"RNA splicing"	GO:0000377;GO:0000375;GO:0008380;GO:0000398;GO:0006397	6	TRINITY_DN256625_c0_g1	0
"RNA splicing"	GO:0000377;GO:0000375;GO:0008380;GO:0000398;GO:0006397	6	TRINITY_DN276080_c0_g2	0.694050595129976
"RNA splicing"	GO:0000377;GO:0000375;GO:0008380;GO:0000398;GO:0006397	6	TRINITY_DN276565_c0_g1	0.536621730105253
"RNA splicing"	GO:0000377;GO:0000375;GO:0008380;GO:0000398;GO:0006397	6	TRINITY_DN276992_c0_g1	0
"RNA splicing"	GO:0000377;GO:0000375;GO:0008380;GO:0000398;GO:0006397	6	TRINITY_DN278816_c0_g1	0
"RNA splicing"	GO:0000377;GO:0000375;GO:0008380;GO:0000398;GO:0006397	6	TRINITY_DN295262_c7_g2	0
"RNA splicing"	GO:0000377;GO:0000375;GO:0008380;GO:0000398;GO:0006397	6	TRINITY_DN296757_c2_g1	0
"RNA splicing"	GO:0000377;GO:0000375;GO:0008380;GO:0000398;GO:0006397	6	TRINITY_DN298604_c2_g1	0
"RNA splicing"	GO:0000377;GO:0000375;GO:0008380;GO:0000398;GO:0006397	6	TRINITY_DN298605_c0_g1	0
"RNA splicing"	GO:0000377;GO:0000375;GO:0008380;GO:0000398;GO:0006397	6	TRINITY_DN298605_c1_g3	0
"RNA splicing"	GO:0000377;GO:0000375;GO:0008380;GO:0000398;GO:0006397	6	TRINITY_DN298841_c5_g1	0
"RNA splicing"	GO:0000377;GO:0000375;GO:0008380;GO:0000398;GO:0006397	6	TRINITY_DN298841_c5_g5	0
"RNA splicing"	GO:0000377;GO:0000375;GO:0008380;GO:0000398;GO:0006397	6	TRINITY_DN299751_c0_g1	0
"RNA splicing"	GO:0000377;GO:0000375;GO:0008380;GO:0000398;GO:0006397	6	TRINITY_DN310768_c2_g2	0
"RNA splicing"	GO:0000377;GO:0000375;GO:0008380;GO:0000398;GO:0006397	6	TRINITY_DN46127_c0_g1	0
"RNA splicing"	GO:0000377;GO:0000375;GO:0008380;GO:0000398;GO:0006397	6	TRINITY_DN4897_c0_g1	0
"RNA splicing"	GO:0000377;GO:0000375;GO:0008380;GO:0000398;GO:0006397	6	TRINITY_DN649594_c0_g1	0
"RNA splicing"	GO:0000377;GO:0000375;GO:0008380;GO:0000398;GO:0006397	6	TRINITY_DN255906_c0_g1	0.742950248313375
"RNA splicing"	GO:0000377;GO:0000375;GO:0008380;GO:0000398;GO:0006397	6	TRINITY_DN277059_c0_g1	0.9314358637209
"RNA splicing"	GO:0000377;GO:0000375;GO:0008380;GO:0000398;GO:0006397	6	TRINITY_DN68990_c0_g1	0
"RNA splicing"	GO:0000377;GO:0000375;GO:0008380;GO:0000398;GO:0006397	6	TRINITY_DN222933_c0_g1	0.946286244255102
"RNA splicing"	GO:0000377;GO:0000375;GO:0008380;GO:0000398;GO:0006397	6	TRINITY_DN316213_c1_g1	0
"regulation of metabolic process"	GO:0060255;GO:0019222;GO:0031323;GO:0051171;GO:0080090	3	TRINITY_DN104382_c0_g1	0.808844264315001
"regulation of metabolic process"	GO:0060255;GO:0019222;GO:0031323;GO:0051171;GO:0080090	3	TRINITY_DN1511_c0_g1	0
"regulation of metabolic process"	GO:0060255;GO:0019222;GO:0031323;GO:0051171;GO:0080090	3	TRINITY_DN151696_c0_g1	0
"regulation of metabolic process"	GO:0060255;GO:0019222;GO:0031323;GO:0051171;GO:0080090	3	TRINITY_DN151698_c0_g1	0
"regulation of metabolic process"	GO:0060255;GO:0019222;GO:0031323;GO:0051171;GO:0080090	3	TRINITY_DN228040_c0_g1	0
"regulation of metabolic process"	GO:0060255;GO:0019222;GO:0031323;GO:0051171;GO:0080090	3	TRINITY_DN231519_c0_g1	0
"regulation of metabolic process"	GO:0060255;GO:0019222;GO:0031323;GO:0051171;GO:0080090	3	TRINITY_DN234238_c0_g1	0
"regulation of metabolic process"	GO:0060255;GO:0019222;GO:0031323;GO:0051171;GO:0080090	3	TRINITY_DN2354_c0_g1	0
"regulation of metabolic process"	GO:0060255;GO:0019222;GO:0031323;GO:0051171;GO:0080090	3	TRINITY_DN254004_c0_g3	0
"regulation of metabolic process"	GO:0060255;GO:0019222;GO:0031323;GO:0051171;GO:0080090	3	TRINITY_DN254270_c0_g1	0.892762373546819
"regulation of metabolic process"	GO:0060255;GO:0019222;GO:0031323;GO:0051171;GO:0080090	3	TRINITY_DN254274_c0_g1	0
"regulation of metabolic process"	GO:0060255;GO:0019222;GO:0031323;GO:0051171;GO:0080090	3	TRINITY_DN256912_c0_g1	0
"regulation of metabolic process"	GO:0060255;GO:0019222;GO:0031323;GO:0051171;GO:0080090	3	TRINITY_DN271276_c0_g1	0
"regulation of metabolic process"	GO:0060255;GO:0019222;GO:0031323;GO:0051171;GO:0080090	3	TRINITY_DN274843_c0_g1	0.891444745769118
"regulation of metabolic process"	GO:0060255;GO:0019222;GO:0031323;GO:0051171;GO:0080090	3	TRINITY_DN276572_c0_g1	0
"regulation of metabolic process"	GO:0060255;GO:0019222;GO:0031323;GO:0051171;GO:0080090	3	TRINITY_DN278325_c0_g1	0
"regulation of metabolic process"	GO:0060255;GO:0019222;GO:0031323;GO:0051171;GO:0080090	3	TRINITY_DN278929_c0_g1	0
"regulation of metabolic process"	GO:0060255;GO:0019222;GO:0031323;GO:0051171;GO:0080090	3	TRINITY_DN292384_c0_g1	0
"regulation of metabolic process"	GO:0060255;GO:0019222;GO:0031323;GO:0051171;GO:0080090	3	TRINITY_DN292394_c0_g1	0
"regulation of metabolic process"	GO:0060255;GO:0019222;GO:0031323;GO:0051171;GO:0080090	3	TRINITY_DN294139_c0_g3	0
"regulation of metabolic process"	GO:0060255;GO:0019222;GO:0031323;GO:0051171;GO:0080090	3	TRINITY_DN294670_c1_g2	0
"regulation of metabolic process"	GO:0060255;GO:0019222;GO:0031323;GO:0051171;GO:0080090	3	TRINITY_DN295269_c0_g3	0
"regulation of metabolic process"	GO:0060255;GO:0019222;GO:0031323;GO:0051171;GO:0080090	3	TRINITY_DN298143_c0_g1	0.90164158940335
"regulation of metabolic process"	GO:0060255;GO:0019222;GO:0031323;GO:0051171;GO:0080090	3	TRINITY_DN298441_c0_g1	0
"regulation of metabolic process"	GO:0060255;GO:0019222;GO:0031323;GO:0051171;GO:0080090	3	TRINITY_DN298470_c0_g1	0.943222967967973
"regulation of metabolic process"	GO:0060255;GO:0019222;GO:0031323;GO:0051171;GO:0080090	3	TRINITY_DN298470_c0_g3	0
"regulation of metabolic process"	GO:0060255;GO:0019222;GO:0031323;GO:0051171;GO:0080090	3	TRINITY_DN299271_c0_g2	0.938729658965651
"regulation of metabolic process"	GO:0060255;GO:0019222;GO:0031323;GO:0051171;GO:0080090	3	TRINITY_DN299755_c1_g2	0
"regulation of metabolic process"	GO:0060255;GO:0019222;GO:0031323;GO:0051171;GO:0080090	3	TRINITY_DN299755_c1_g3	0
"regulation of metabolic process"	GO:0060255;GO:0019222;GO:0031323;GO:0051171;GO:0080090	3	TRINITY_DN311034_c1_g1	0
"regulation of metabolic process"	GO:0060255;GO:0019222;GO:0031323;GO:0051171;GO:0080090	3	TRINITY_DN312738_c3_g1	0
"regulation of metabolic process"	GO:0060255;GO:0019222;GO:0031323;GO:0051171;GO:0080090	3	TRINITY_DN312740_c0_g1	0
"regulation of metabolic process"	GO:0060255;GO:0019222;GO:0031323;GO:0051171;GO:0080090	3	TRINITY_DN312794_c0_g1	0
"regulation of metabolic process"	GO:0060255;GO:0019222;GO:0031323;GO:0051171;GO:0080090	3	TRINITY_DN34932_c0_g1	0
"regulation of metabolic process"	GO:0060255;GO:0019222;GO:0031323;GO:0051171;GO:0080090	3	TRINITY_DN35365_c0_g1	0
"regulation of metabolic process"	GO:0060255;GO:0019222;GO:0031323;GO:0051171;GO:0080090	3	TRINITY_DN584390_c0_g1	0
"regulation of metabolic process"	GO:0060255;GO:0019222;GO:0031323;GO:0051171;GO:0080090	3	TRINITY_DN664099_c0_g1	0
"aromatic amino acid family metabolic process"	GO:0009073;GO:0009072	5	TRINITY_DN255881_c0_g1	0
"aromatic amino acid family metabolic process"	GO:0009073;GO:0009072	5	TRINITY_DN294661_c0_g1	0.902617564192808
"aromatic amino acid family metabolic process"	GO:0009073;GO:0009072	5	TRINITY_DN299758_c2_g1	0
"aromatic amino acid family metabolic process"	GO:0009073;GO:0009072	5	TRINITY_DN314835_c0_g1	0
"aromatic amino acid family metabolic process"	GO:0009073;GO:0009072	5	TRINITY_DN314835_c0_g2	0
"aromatic amino acid family metabolic process"	GO:0009073;GO:0009072	5	TRINITY_DN372963_c0_g1	0
"DNA repair"	GO:0006281;GO:0000724;GO:0000725;GO:0006302;GO:0006310	5	TRINITY_DN11157_c0_g1	0
"DNA repair"	GO:0006281;GO:0000724;GO:0000725;GO:0006302;GO:0006310	5	TRINITY_DN22013_c0_g1	0
"DNA repair"	GO:0006281;GO:0000724;GO:0000725;GO:0006302;GO:0006310	5	TRINITY_DN226749_c0_g1	0.906858796603995
"DNA repair"	GO:0006281;GO:0000724;GO:0000725;GO:0006302;GO:0006310	5	TRINITY_DN238638_c0_g1	0
"DNA repair"	GO:0006281;GO:0000724;GO:0000725;GO:0006302;GO:0006310	5	TRINITY_DN292970_c0_g1	0
"DNA repair"	GO:0006281;GO:0000724;GO:0000725;GO:0006302;GO:0006310	5	TRINITY_DN292970_c0_g2	0
"DNA repair"	GO:0006281;GO:0000724;GO:0000725;GO:0006302;GO:0006310	5	TRINITY_DN294144_c2_g1	0
"DNA repair"	GO:0006281;GO:0000724;GO:0000725;GO:0006302;GO:0006310	5	TRINITY_DN298161_c0_g2	0
"DNA repair"	GO:0006281;GO:0000724;GO:0000725;GO:0006302;GO:0006310	5	TRINITY_DN314174_c1_g2	0
"DNA repair"	GO:0006281;GO:0000724;GO:0000725;GO:0006302;GO:0006310	5	TRINITY_DN298603_c0_g1	0
"DNA repair"	GO:0006281;GO:0000724;GO:0000725;GO:0006302;GO:0006310	5	TRINITY_DN621412_c0_g1	0
"response to abiotic stimulus"	GO:0009628	2	TRINITY_DN228081_c0_g1	0
"response to abiotic stimulus"	GO:0009628	2	TRINITY_DN256323_c0_g1	0
"response to abiotic stimulus"	GO:0009628	2	TRINITY_DN276932_c0_g1	0
"response to abiotic stimulus"	GO:0009628	2	TRINITY_DN293455_c0_g1	0
"response to abiotic stimulus"	GO:0009628	2	TRINITY_DN293455_c0_g2	0
"response to abiotic stimulus"	GO:0009628	2	TRINITY_DN294146_c2_g3	0
"response to abiotic stimulus"	GO:0009628	2	TRINITY_DN295083_c2_g1	0
"response to abiotic stimulus"	GO:0009628	2	TRINITY_DN542301_c0_g1	0
"regulation of mRNA splicing, via spliceosome"	GO:0000381;GO:0048024;GO:0043484;GO:0050684;GO:1903311	7	TRINITY_DN234238_c0_g1	0
"regulation of mRNA splicing, via spliceosome"	GO:0000381;GO:0048024;GO:0043484;GO:0050684;GO:1903311	7	TRINITY_DN274843_c0_g1	0.891444745769118
"regulation of mRNA splicing, via spliceosome"	GO:0000381;GO:0048024;GO:0043484;GO:0050684;GO:1903311	7	TRINITY_DN278929_c0_g1	0
"regulation of mRNA splicing, via spliceosome"	GO:0000381;GO:0048024;GO:0043484;GO:0050684;GO:1903311	7	TRINITY_DN312738_c3_g1	0
"regulation of mRNA splicing, via spliceosome"	GO:0000381;GO:0048024;GO:0043484;GO:0050684;GO:1903311	7	TRINITY_DN312740_c0_g1	0
"regulation of mRNA splicing, via spliceosome"	GO:0000381;GO:0048024;GO:0043484;GO:0050684;GO:1903311	7	TRINITY_DN584390_c0_g1	0
"signal transduction"	GO:0007165	3	TRINITY_DN115924_c0_g1	-0.547941701563518
"signal transduction"	GO:0007165	3	TRINITY_DN227395_c0_g2	0
"signal transduction"	GO:0007165	3	TRINITY_DN227534_c0_g1	0
"signal transduction"	GO:0007165	3	TRINITY_DN27666_c0_g1	0
"signal transduction"	GO:0007165	3	TRINITY_DN277398_c0_g1	0
"signal transduction"	GO:0007165	3	TRINITY_DN277398_c0_g2	0
"signal transduction"	GO:0007165	3	TRINITY_DN299263_c0_g1	0
"signal transduction"	GO:0007165	3	TRINITY_DN299263_c0_g2	0
"signal transduction"	GO:0007165	3	TRINITY_DN310732_c2_g5	0
"signal transduction"	GO:0007165	3	TRINITY_DN311039_c3_g1	0
"signal transduction"	GO:0007165	3	TRINITY_DN312044_c4_g1	0
"signal transduction"	GO:0007165	3	TRINITY_DN312745_c1_g2	0
"signal transduction"	GO:0007165	3	TRINITY_DN314626_c2_g2	0
"signal transduction"	GO:0007165	3	TRINITY_DN314626_c2_g4	0
"signal transduction"	GO:0007165	3	TRINITY_DN676967_c0_g1	0
"organelle localization"	GO:0051656;GO:0051640	3	TRINITY_DN278343_c0_g1	0
"organelle localization"	GO:0051656;GO:0051640	3	TRINITY_DN292335_c2_g11	0
"organelle localization"	GO:0051656;GO:0051640	3	TRINITY_DN293346_c7_g1	0
"organelle localization"	GO:0051656;GO:0051640	3	TRINITY_DN295224_c1_g2	0
"organelle localization"	GO:0051656;GO:0051640	3	TRINITY_DN316646_c2_g1	0
"organelle localization"	GO:0051656;GO:0051640	3	TRINITY_DN659541_c0_g1	0
"protein polyubiquitination"	GO:0000209	2	TRINITY_DN276603_c0_g1	0
"protein polyubiquitination"	GO:0000209	2	TRINITY_DN294100_c0_g2	0
"protein polyubiquitination"	GO:0000209	2	TRINITY_DN294741_c0_g1	0
"protein polyubiquitination"	GO:0000209	2	TRINITY_DN296379_c5_g1	0
"protein polyubiquitination"	GO:0000209	2	TRINITY_DN314173_c2_g1	0
"protein polyubiquitination"	GO:0000209	2	TRINITY_DN33815_c0_g1	0
"transmembrane transport"	GO:0003333;GO:0006865;GO:1905039;GO:0046942;GO:0098656;GO:1903825;GO:0015711;GO:0015849;GO:0006820;GO:0034220;GO:0055085	3	TRINITY_DN226611_c0_g1	0
"transmembrane transport"	GO:0003333;GO:0006865;GO:1905039;GO:0046942;GO:0098656;GO:1903825;GO:0015711;GO:0015849;GO:0006820;GO:0034220;GO:0055085	3	TRINITY_DN252333_c0_g1	0
"transmembrane transport"	GO:0003333;GO:0006865;GO:1905039;GO:0046942;GO:0098656;GO:1903825;GO:0015711;GO:0015849;GO:0006820;GO:0034220;GO:0055085	3	TRINITY_DN292396_c0_g1	0
"transmembrane transport"	GO:0003333;GO:0006865;GO:1905039;GO:0046942;GO:0098656;GO:1903825;GO:0015711;GO:0015849;GO:0006820;GO:0034220;GO:0055085	3	TRINITY_DN292396_c0_g2	0
"transmembrane transport"	GO:0003333;GO:0006865;GO:1905039;GO:0046942;GO:0098656;GO:1903825;GO:0015711;GO:0015849;GO:0006820;GO:0034220;GO:0055085	3	TRINITY_DN292396_c0_g3	0
"transmembrane transport"	GO:0003333;GO:0006865;GO:1905039;GO:0046942;GO:0098656;GO:1903825;GO:0015711;GO:0015849;GO:0006820;GO:0034220;GO:0055085	3	TRINITY_DN292396_c0_g4	0
"transmembrane transport"	GO:0003333;GO:0006865;GO:1905039;GO:0046942;GO:0098656;GO:1903825;GO:0015711;GO:0015849;GO:0006820;GO:0034220;GO:0055085	3	TRINITY_DN228041_c0_g1	0
"transmembrane transport"	GO:0003333;GO:0006865;GO:1905039;GO:0046942;GO:0098656;GO:1903825;GO:0015711;GO:0015849;GO:0006820;GO:0034220;GO:0055085	3	TRINITY_DN292387_c1_g4	0
"developmental process"	GO:0032502	1	TRINITY_DN111787_c0_g1	0
"developmental process"	GO:0032502	1	TRINITY_DN139737_c0_g1	0
"developmental process"	GO:0032502	1	TRINITY_DN173266_c0_g1	0
"developmental process"	GO:0032502	1	TRINITY_DN226689_c0_g1	0
"developmental process"	GO:0032502	1	TRINITY_DN23303_c0_g1	0
"developmental process"	GO:0032502	1	TRINITY_DN256554_c0_g1	0
"developmental process"	GO:0032502	1	TRINITY_DN256932_c0_g1	0.710433990644143
"developmental process"	GO:0032502	1	TRINITY_DN277060_c0_g1	0
"developmental process"	GO:0032502	1	TRINITY_DN293346_c6_g2	0
"developmental process"	GO:0032502	1	TRINITY_DN293398_c2_g2	0
"developmental process"	GO:0032502	1	TRINITY_DN293696_c0_g3	0
"developmental process"	GO:0032502	1	TRINITY_DN298474_c3_g1	0
"developmental process"	GO:0032502	1	TRINITY_DN299654_c1_g1	0
"developmental process"	GO:0032502	1	TRINITY_DN299654_c1_g8	0
"developmental process"	GO:0032502	1	TRINITY_DN299700_c1_g1	0
"developmental process"	GO:0032502	1	TRINITY_DN299700_c1_g2	0
"developmental process"	GO:0032502	1	TRINITY_DN299700_c1_g3	0
"developmental process"	GO:0032502	1	TRINITY_DN310086_c1_g1	0
"developmental process"	GO:0032502	1	TRINITY_DN310086_c1_g3	0
"developmental process"	GO:0032502	1	TRINITY_DN310761_c3_g1	0
"developmental process"	GO:0032502	1	TRINITY_DN311036_c1_g2	0
"developmental process"	GO:0032502	1	TRINITY_DN311463_c2_g1	0
"developmental process"	GO:0032502	1	TRINITY_DN311745_c0_g3	0
"developmental process"	GO:0032502	1	TRINITY_DN311982_c5_g6	0
"developmental process"	GO:0032502	1	TRINITY_DN312087_c2_g1	0
"developmental process"	GO:0032502	1	TRINITY_DN314154_c3_g3	0
"developmental process"	GO:0032502	1	TRINITY_DN314176_c1_g5	0
"developmental process"	GO:0032502	1	TRINITY_DN314645_c3_g2	0
"developmental process"	GO:0032502	1	TRINITY_DN314645_c3_g3	0
"developmental process"	GO:0032502	1	TRINITY_DN31485_c0_g1	0
"developmental process"	GO:0032502	1	TRINITY_DN540260_c0_g1	0
"developmental process"	GO:0032502	1	TRINITY_DN619899_c0_g1	0
"developmental process"	GO:0032502	1	TRINITY_DN62175_c0_g1	0
"developmental process"	GO:0032502	1	TRINITY_DN656609_c0_g1	0
"negative regulation of cellular process"	GO:0048523	4	TRINITY_DN104382_c0_g1	0.808844264315001
"negative regulation of cellular process"	GO:0048523	4	TRINITY_DN1511_c0_g1	0
"negative regulation of cellular process"	GO:0048523	4	TRINITY_DN151698_c0_g1	0
"negative regulation of cellular process"	GO:0048523	4	TRINITY_DN231519_c0_g1	0
"negative regulation of cellular process"	GO:0048523	4	TRINITY_DN254004_c0_g3	0
"negative regulation of cellular process"	GO:0048523	4	TRINITY_DN254119_c0_g1	0
"negative regulation of cellular process"	GO:0048523	4	TRINITY_DN256912_c0_g1	0
"negative regulation of cellular process"	GO:0048523	4	TRINITY_DN276572_c0_g1	0
"negative regulation of cellular process"	GO:0048523	4	TRINITY_DN293484_c0_g1	0.888969926362395
"negative regulation of cellular process"	GO:0048523	4	TRINITY_DN293484_c0_g3	0.612409218654969
"negative regulation of cellular process"	GO:0048523	4	TRINITY_DN294670_c1_g2	0
"negative regulation of cellular process"	GO:0048523	4	TRINITY_DN312745_c1_g1	0
"negative regulation of cellular process"	GO:0048523	4	TRINITY_DN312745_c1_g3	0
"negative regulation of cellular process"	GO:0048523	4	TRINITY_DN316221_c2_g2	0
"negative regulation of cellular process"	GO:0048523	4	TRINITY_DN35365_c0_g1	0
"negative regulation of cellular process"	GO:0048523	4	TRINITY_DN451916_c0_g1	0
"negative regulation of cellular process"	GO:0048523	4	TRINITY_DN664099_c0_g1	0
"spliceosomal snRNP assembly"	GO:0000387	2	TRINITY_DN104204_c0_g1	0
"spliceosomal snRNP assembly"	GO:0000387	2	TRINITY_DN22369_c0_g1	0
"spliceosomal snRNP assembly"	GO:0000387	2	TRINITY_DN226758_c0_g1	0
"spliceosomal snRNP assembly"	GO:0000387	2	TRINITY_DN292331_c0_g1	0
"spliceosomal snRNP assembly"	GO:0000387	2	TRINITY_DN296774_c0_g1	0
"spliceosomal snRNP assembly"	GO:0000387	2	TRINITY_DN296774_c1_g1	0
"spliceosomal snRNP assembly"	GO:0000387	2	TRINITY_DN311983_c0_g1	0.949550936349133
"spliceosomal snRNP assembly"	GO:0000387	2	TRINITY_DN316934_c2_g1	0
"spliceosomal snRNP assembly"	GO:0000387	2	TRINITY_DN353660_c0_g1	0
"spliceosomal snRNP assembly"	GO:0000387	2	TRINITY_DN385650_c0_g1	0
"spliceosomal snRNP assembly"	GO:0000387	2	TRINITY_DN449828_c0_g1	0
"spliceosomal snRNP assembly"	GO:0000387	2	TRINITY_DN65665_c0_g1	0
"tRNA metabolic process"	GO:0008033;GO:0006399	6	TRINITY_DN231084_c0_g1	0
"tRNA metabolic process"	GO:0008033;GO:0006399	6	TRINITY_DN238614_c0_g1	0.756290974743228
"tRNA metabolic process"	GO:0008033;GO:0006399	6	TRINITY_DN298443_c0_g1	0
"tRNA metabolic process"	GO:0008033;GO:0006399	6	TRINITY_DN299635_c7_g1	0
"tRNA metabolic process"	GO:0008033;GO:0006399	6	TRINITY_DN299635_c7_g4	0
"tRNA metabolic process"	GO:0008033;GO:0006399	6	TRINITY_DN312007_c1_g4	0
"cell differentiation"	GO:0030154	3	TRINITY_DN111787_c0_g1	0
"cell differentiation"	GO:0030154	3	TRINITY_DN256932_c0_g1	0.710433990644143
"cell differentiation"	GO:0030154	3	TRINITY_DN310086_c1_g1	0
"cell differentiation"	GO:0030154	3	TRINITY_DN310086_c1_g3	0
"cell differentiation"	GO:0030154	3	TRINITY_DN311463_c2_g1	0
"cell differentiation"	GO:0030154	3	TRINITY_DN311982_c5_g6	0
"phosphate-containing compound metabolic process"	GO:0006796;GO:0006793	3	TRINITY_DN115924_c0_g1	-0.547941701563518
"phosphate-containing compound metabolic process"	GO:0006796;GO:0006793	3	TRINITY_DN227395_c0_g2	0
"phosphate-containing compound metabolic process"	GO:0006796;GO:0006793	3	TRINITY_DN27666_c0_g1	0
"phosphate-containing compound metabolic process"	GO:0006796;GO:0006793	3	TRINITY_DN310732_c2_g5	0
"phosphate-containing compound metabolic process"	GO:0006796;GO:0006793	3	TRINITY_DN311039_c3_g1	0
"phosphate-containing compound metabolic process"	GO:0006796;GO:0006793	3	TRINITY_DN311070_c1_g1	0
"phosphate-containing compound metabolic process"	GO:0006796;GO:0006793	3	TRINITY_DN312044_c4_g1	0
"phosphate-containing compound metabolic process"	GO:0006796;GO:0006793	3	TRINITY_DN312715_c0_g1	0.801130375344902
"phosphate-containing compound metabolic process"	GO:0006796;GO:0006793	3	TRINITY_DN312715_c0_g3	0
"phosphate-containing compound metabolic process"	GO:0006796;GO:0006793	3	TRINITY_DN380357_c0_g1	0
"phosphate-containing compound metabolic process"	GO:0006796;GO:0006793	3	TRINITY_DN4493_c0_g1	0
"phosphate-containing compound metabolic process"	GO:0006796;GO:0006793	3	TRINITY_DN676967_c0_g1	0
"spliceosomal complex assembly"	GO:0000245	2	TRINITY_DN227361_c0_g1	0
"spliceosomal complex assembly"	GO:0000245	2	TRINITY_DN310749_c0_g1	0
"spliceosomal complex assembly"	GO:0000245	2	TRINITY_DN310749_c0_g2	0
"spliceosomal complex assembly"	GO:0000245	2	TRINITY_DN310749_c0_g3	0
"spliceosomal complex assembly"	GO:0000245	2	TRINITY_DN314632_c0_g1	0
"spliceosomal complex assembly"	GO:0000245	2	TRINITY_DN61935_c0_g1	0
"translational elongation"	GO:0002182;GO:0006414	5	TRINITY_DN277915_c0_g1	0
"translational elongation"	GO:0002182;GO:0006414	5	TRINITY_DN293826_c2_g1	0
"translational elongation"	GO:0002182;GO:0006414	5	TRINITY_DN314644_c0_g1	0
"translational elongation"	GO:0002182;GO:0006414	5	TRINITY_DN401791_c0_g1	0
"translational elongation"	GO:0002182;GO:0006414	5	TRINITY_DN492531_c0_g1	0
"formation of cytoplasmic translation initiation complex"	GO:0001732	2	TRINITY_DN106757_c0_g1	0
"formation of cytoplasmic translation initiation complex"	GO:0001732	2	TRINITY_DN255932_c0_g1	0
"formation of cytoplasmic translation initiation complex"	GO:0001732	2	TRINITY_DN277058_c0_g1	0
"formation of cytoplasmic translation initiation complex"	GO:0001732	2	TRINITY_DN298476_c0_g1	0
"formation of cytoplasmic translation initiation complex"	GO:0001732	2	TRINITY_DN3595_c0_g1	0
"formation of cytoplasmic translation initiation complex"	GO:0001732	2	TRINITY_DN449899_c0_g1	0
"formation of cytoplasmic translation initiation complex"	GO:0001732	2	TRINITY_DN619964_c0_g1	0
"formation of cytoplasmic translation initiation complex"	GO:0001732	2	TRINITY_DN6597_c0_g1	0
"organelle organization"	GO:0006996	2	TRINITY_DN106385_c0_g1	0
"organelle organization"	GO:0006996	2	TRINITY_DN175246_c0_g1	0
"organelle organization"	GO:0006996	2	TRINITY_DN251965_c0_g1	0
"organelle organization"	GO:0006996	2	TRINITY_DN259525_c0_g1	0
"organelle organization"	GO:0006996	2	TRINITY_DN271219_c0_g2	0
"organelle organization"	GO:0006996	2	TRINITY_DN293346_c7_g1	0
"organelle organization"	GO:0006996	2	TRINITY_DN294759_c0_g1	0
"organelle organization"	GO:0006996	2	TRINITY_DN295073_c1_g1	0
"organelle organization"	GO:0006996	2	TRINITY_DN295224_c1_g2	0
"organelle organization"	GO:0006996	2	TRINITY_DN295226_c1_g1	0
"organelle organization"	GO:0006996	2	TRINITY_DN296362_c0_g5	0
"organelle organization"	GO:0006996	2	TRINITY_DN296773_c0_g1	0
"organelle organization"	GO:0006996	2	TRINITY_DN296798_c5_g3	0
"organelle organization"	GO:0006996	2	TRINITY_DN298235_c4_g2	0
"organelle organization"	GO:0006996	2	TRINITY_DN298235_c4_g3	0
"organelle organization"	GO:0006996	2	TRINITY_DN298235_c4_g4	0
"organelle organization"	GO:0006996	2	TRINITY_DN298237_c0_g2	0
"organelle organization"	GO:0006996	2	TRINITY_DN298449_c4_g2	0
"organelle organization"	GO:0006996	2	TRINITY_DN298603_c0_g1	0
"organelle organization"	GO:0006996	2	TRINITY_DN299782_c2_g2	0
"organelle organization"	GO:0006996	2	TRINITY_DN311476_c0_g1	0
"organelle organization"	GO:0006996	2	TRINITY_DN311789_c3_g3	0
"organelle organization"	GO:0006996	2	TRINITY_DN311789_c3_g6	0
"organelle organization"	GO:0006996	2	TRINITY_DN314166_c1_g1	0
"organelle organization"	GO:0006996	2	TRINITY_DN316955_c0_g2	0
"organelle organization"	GO:0006996	2	TRINITY_DN317613_c0_g1	0
"organelle organization"	GO:0006996	2	TRINITY_DN621412_c0_g1	0
"organelle organization"	GO:0006996	2	TRINITY_DN6268_c0_g1	0.767685087658995
"ncRNA 3'-end processing"	GO:0043628;GO:0031123	2	TRINITY_DN223891_c0_g2	0
"ncRNA 3'-end processing"	GO:0043628;GO:0031123	2	TRINITY_DN256619_c0_g1	0
"ncRNA 3'-end processing"	GO:0043628;GO:0031123	2	TRINITY_DN293826_c5_g1	0
"ncRNA 3'-end processing"	GO:0043628;GO:0031123	2	TRINITY_DN293826_c5_g10	0
"ncRNA 3'-end processing"	GO:0043628;GO:0031123	2	TRINITY_DN299635_c7_g1	0
"ncRNA 3'-end processing"	GO:0043628;GO:0031123	2	TRINITY_DN299635_c7_g4	0
"ncRNA 3'-end processing"	GO:0043628;GO:0031123	2	TRINITY_DN310729_c0_g1	0
"organic cyclic compound biosynthetic process"	GO:0018130;GO:1901362;GO:0019438	2	TRINITY_DN173172_c0_g1	0
"organic cyclic compound biosynthetic process"	GO:0018130;GO:1901362;GO:0019438	2	TRINITY_DN255881_c0_g1	0
"organic cyclic compound biosynthetic process"	GO:0018130;GO:1901362;GO:0019438	2	TRINITY_DN278381_c0_g1	0
"organic cyclic compound biosynthetic process"	GO:0018130;GO:1901362;GO:0019438	2	TRINITY_DN278381_c0_g8	0
"organic cyclic compound biosynthetic process"	GO:0018130;GO:1901362;GO:0019438	2	TRINITY_DN294661_c0_g1	0.902617564192808
"organic cyclic compound biosynthetic process"	GO:0018130;GO:1901362;GO:0019438	2	TRINITY_DN299758_c2_g1	0
"organic cyclic compound biosynthetic process"	GO:0018130;GO:1901362;GO:0019438	2	TRINITY_DN312715_c0_g1	0.801130375344902
"organic cyclic compound biosynthetic process"	GO:0018130;GO:1901362;GO:0019438	2	TRINITY_DN312715_c0_g3	0
"organic cyclic compound biosynthetic process"	GO:0018130;GO:1901362;GO:0019438	2	TRINITY_DN314835_c0_g1	0
"organic cyclic compound biosynthetic process"	GO:0018130;GO:1901362;GO:0019438	2	TRINITY_DN314835_c0_g2	0
"organic cyclic compound biosynthetic process"	GO:0018130;GO:1901362;GO:0019438	2	TRINITY_DN35249_c0_g1	0
"organic cyclic compound biosynthetic process"	GO:0018130;GO:1901362;GO:0019438	2	TRINITY_DN372963_c0_g1	0
"organic cyclic compound biosynthetic process"	GO:0018130;GO:1901362;GO:0019438	2	TRINITY_DN4493_c0_g1	0
"organic cyclic compound biosynthetic process"	GO:0018130;GO:1901362;GO:0019438	2	TRINITY_DN226185_c0_g1	0
"organic cyclic compound biosynthetic process"	GO:0018130;GO:1901362;GO:0019438	2	TRINITY_DN293491_c0_g1	0
"organic cyclic compound biosynthetic process"	GO:0018130;GO:1901362;GO:0019438	2	TRINITY_DN293493_c3_g6	0
"organic cyclic compound biosynthetic process"	GO:0018130;GO:1901362;GO:0019438	2	TRINITY_DN293493_c3_g7	0
"snoRNA metabolic process"	GO:0031126;GO:0043144;GO:0016074	2	TRINITY_DN223891_c0_g2	0
"snoRNA metabolic process"	GO:0031126;GO:0043144;GO:0016074	2	TRINITY_DN256619_c0_g1	0
"snoRNA metabolic process"	GO:0031126;GO:0043144;GO:0016074	2	TRINITY_DN293826_c5_g1	0
"snoRNA metabolic process"	GO:0031126;GO:0043144;GO:0016074	2	TRINITY_DN293826_c5_g10	0
"snoRNA metabolic process"	GO:0031126;GO:0043144;GO:0016074	2	TRINITY_DN310729_c0_g1	0
"snoRNA metabolic process"	GO:0031126;GO:0043144;GO:0016074	2	TRINITY_DN293826_c5_g4	0
"mitotic cell cycle"	GO:0000278;GO:0007049	3	TRINITY_DN228042_c0_g1	0
"mitotic cell cycle"	GO:0000278;GO:0007049	3	TRINITY_DN299047_c0_g1	0
"mitotic cell cycle"	GO:0000278;GO:0007049	3	TRINITY_DN312009_c1_g1	0
"mitotic cell cycle"	GO:0000278;GO:0007049	3	TRINITY_DN353273_c0_g1	-0.547741886974304
"mitotic cell cycle"	GO:0000278;GO:0007049	3	TRINITY_DN5531_c0_g1	0
"modification-dependent protein catabolic process"	GO:0006511;GO:0019941;GO:0043632;GO:0051603	6	TRINITY_DN111503_c0_g1	0
"modification-dependent protein catabolic process"	GO:0006511;GO:0019941;GO:0043632;GO:0051603	6	TRINITY_DN311468_c0_g1	0
"modification-dependent protein catabolic process"	GO:0006511;GO:0019941;GO:0043632;GO:0051603	6	TRINITY_DN3187_c0_g1	0
"modification-dependent protein catabolic process"	GO:0006511;GO:0019941;GO:0043632;GO:0051603	6	TRINITY_DN35976_c0_g1	0
"modification-dependent protein catabolic process"	GO:0006511;GO:0019941;GO:0043632;GO:0051603	6	TRINITY_DN66601_c0_g1	0
"ncRNA processing"	GO:0034470;GO:0034660	2	TRINITY_DN105050_c0_g1	0
"ncRNA processing"	GO:0034470;GO:0034660	2	TRINITY_DN223891_c0_g2	0
"ncRNA processing"	GO:0034470;GO:0034660	2	TRINITY_DN227532_c0_g1	0
"ncRNA processing"	GO:0034470;GO:0034660	2	TRINITY_DN231084_c0_g1	0
"ncRNA processing"	GO:0034470;GO:0034660	2	TRINITY_DN238614_c0_g1	0.756290974743228
"ncRNA processing"	GO:0034470;GO:0034660	2	TRINITY_DN256619_c0_g1	0
"ncRNA processing"	GO:0034470;GO:0034660	2	TRINITY_DN274635_c0_g1	0
"ncRNA processing"	GO:0034470;GO:0034660	2	TRINITY_DN277043_c0_g1	0
"ncRNA processing"	GO:0034470;GO:0034660	2	TRINITY_DN277043_c0_g2	0
"ncRNA processing"	GO:0034470;GO:0034660	2	TRINITY_DN277077_c0_g1	0
"ncRNA processing"	GO:0034470;GO:0034660	2	TRINITY_DN277217_c0_g1	0
"ncRNA processing"	GO:0034470;GO:0034660	2	TRINITY_DN292991_c0_g1	0
"ncRNA processing"	GO:0034470;GO:0034660	2	TRINITY_DN293385_c0_g1	0
"ncRNA processing"	GO:0034470;GO:0034660	2	TRINITY_DN293452_c1_g1	0
"ncRNA processing"	GO:0034470;GO:0034660	2	TRINITY_DN293452_c1_g2	0
"ncRNA processing"	GO:0034470;GO:0034660	2	TRINITY_DN293452_c1_g3	0
"ncRNA processing"	GO:0034470;GO:0034660	2	TRINITY_DN293452_c1_g4	0
"ncRNA processing"	GO:0034470;GO:0034660	2	TRINITY_DN293452_c1_g6	0
"ncRNA processing"	GO:0034470;GO:0034660	2	TRINITY_DN293452_c2_g1	0
"ncRNA processing"	GO:0034470;GO:0034660	2	TRINITY_DN293452_c2_g2	0
"ncRNA processing"	GO:0034470;GO:0034660	2	TRINITY_DN293452_c2_g5	0
"ncRNA processing"	GO:0034470;GO:0034660	2	TRINITY_DN293483_c0_g1	0.932669613112518
"ncRNA processing"	GO:0034470;GO:0034660	2	TRINITY_DN293826_c5_g1	0
"ncRNA processing"	GO:0034470;GO:0034660	2	TRINITY_DN293826_c5_g10	0
"ncRNA processing"	GO:0034470;GO:0034660	2	TRINITY_DN293826_c5_g4	0
"ncRNA processing"	GO:0034470;GO:0034660	2	TRINITY_DN293826_c5_g5	0
"ncRNA processing"	GO:0034470;GO:0034660	2	TRINITY_DN294781_c1_g1	0
"ncRNA processing"	GO:0034470;GO:0034660	2	TRINITY_DN294781_c2_g1	0
"ncRNA processing"	GO:0034470;GO:0034660	2	TRINITY_DN294781_c2_g2	0
"ncRNA processing"	GO:0034470;GO:0034660	2	TRINITY_DN294781_c2_g5	0
"ncRNA processing"	GO:0034470;GO:0034660	2	TRINITY_DN294781_c2_g6	0
"ncRNA processing"	GO:0034470;GO:0034660	2	TRINITY_DN294781_c2_g7	0
"ncRNA processing"	GO:0034470;GO:0034660	2	TRINITY_DN296362_c0_g2	0
"ncRNA processing"	GO:0034470;GO:0034660	2	TRINITY_DN298235_c4_g1	0
"ncRNA processing"	GO:0034470;GO:0034660	2	TRINITY_DN298443_c0_g1	0
"ncRNA processing"	GO:0034470;GO:0034660	2	TRINITY_DN299635_c7_g1	0
"ncRNA processing"	GO:0034470;GO:0034660	2	TRINITY_DN299635_c7_g4	0
"ncRNA processing"	GO:0034470;GO:0034660	2	TRINITY_DN310729_c0_g1	0
"ncRNA processing"	GO:0034470;GO:0034660	2	TRINITY_DN312007_c1_g4	0
"ncRNA processing"	GO:0034470;GO:0034660	2	TRINITY_DN37448_c0_g1	0
"ncRNA processing"	GO:0034470;GO:0034660	2	TRINITY_DN663141_c0_g1	0
"small molecule biosynthetic process"	GO:0044283;GO:0046394;GO:0016053	2	TRINITY_DN173172_c0_g1	0
"small molecule biosynthetic process"	GO:0044283;GO:0046394;GO:0016053	2	TRINITY_DN215898_c0_g1	0
"small molecule biosynthetic process"	GO:0044283;GO:0046394;GO:0016053	2	TRINITY_DN226185_c0_g1	0
"small molecule biosynthetic process"	GO:0044283;GO:0046394;GO:0016053	2	TRINITY_DN226917_c0_g1	0
"small molecule biosynthetic process"	GO:0044283;GO:0046394;GO:0016053	2	TRINITY_DN238495_c0_g1	0
"small molecule biosynthetic process"	GO:0044283;GO:0046394;GO:0016053	2	TRINITY_DN255881_c0_g1	0
"small molecule biosynthetic process"	GO:0044283;GO:0046394;GO:0016053	2	TRINITY_DN294661_c0_g1	0.902617564192808
"small molecule biosynthetic process"	GO:0044283;GO:0046394;GO:0016053	2	TRINITY_DN298815_c0_g1	0.869163046343076
"small molecule biosynthetic process"	GO:0044283;GO:0046394;GO:0016053	2	TRINITY_DN299758_c2_g1	0
"small molecule biosynthetic process"	GO:0044283;GO:0046394;GO:0016053	2	TRINITY_DN312062_c0_g1	0.823170138573718
"small molecule biosynthetic process"	GO:0044283;GO:0046394;GO:0016053	2	TRINITY_DN312715_c0_g1	0.801130375344902
"small molecule biosynthetic process"	GO:0044283;GO:0046394;GO:0016053	2	TRINITY_DN312715_c0_g3	0
"small molecule biosynthetic process"	GO:0044283;GO:0046394;GO:0016053	2	TRINITY_DN314835_c0_g1	0
"small molecule biosynthetic process"	GO:0044283;GO:0046394;GO:0016053	2	TRINITY_DN314835_c0_g2	0
"small molecule biosynthetic process"	GO:0044283;GO:0046394;GO:0016053	2	TRINITY_DN372963_c0_g1	0
"small molecule biosynthetic process"	GO:0044283;GO:0046394;GO:0016053	2	TRINITY_DN63784_c0_g1	0
"negative regulation of biological process"	GO:0048519	3	TRINITY_DN104382_c0_g1	0.808844264315001
"negative regulation of biological process"	GO:0048519	3	TRINITY_DN1511_c0_g1	0
"negative regulation of biological process"	GO:0048519	3	TRINITY_DN151696_c0_g1	0
"negative regulation of biological process"	GO:0048519	3	TRINITY_DN151698_c0_g1	0
"negative regulation of biological process"	GO:0048519	3	TRINITY_DN231519_c0_g1	0
"negative regulation of biological process"	GO:0048519	3	TRINITY_DN254004_c0_g3	0
"negative regulation of biological process"	GO:0048519	3	TRINITY_DN254119_c0_g1	0
"negative regulation of biological process"	GO:0048519	3	TRINITY_DN256912_c0_g1	0
"negative regulation of biological process"	GO:0048519	3	TRINITY_DN276572_c0_g1	0
"negative regulation of biological process"	GO:0048519	3	TRINITY_DN278325_c0_g1	0
"negative regulation of biological process"	GO:0048519	3	TRINITY_DN292384_c0_g1	0
"negative regulation of biological process"	GO:0048519	3	TRINITY_DN293484_c0_g1	0.888969926362395
"negative regulation of biological process"	GO:0048519	3	TRINITY_DN293484_c0_g3	0.612409218654969
"negative regulation of biological process"	GO:0048519	3	TRINITY_DN294670_c1_g2	0
"negative regulation of biological process"	GO:0048519	3	TRINITY_DN298470_c0_g1	0.943222967967973
"negative regulation of biological process"	GO:0048519	3	TRINITY_DN298470_c0_g3	0
"negative regulation of biological process"	GO:0048519	3	TRINITY_DN299271_c0_g2	0.938729658965651
"negative regulation of biological process"	GO:0048519	3	TRINITY_DN312745_c1_g1	0
"negative regulation of biological process"	GO:0048519	3	TRINITY_DN312745_c1_g3	0
"negative regulation of biological process"	GO:0048519	3	TRINITY_DN312794_c0_g1	0
"negative regulation of biological process"	GO:0048519	3	TRINITY_DN316221_c2_g2	0
"negative regulation of biological process"	GO:0048519	3	TRINITY_DN34932_c0_g1	0
"negative regulation of biological process"	GO:0048519	3	TRINITY_DN35365_c0_g1	0
"negative regulation of biological process"	GO:0048519	3	TRINITY_DN451916_c0_g1	0
"negative regulation of biological process"	GO:0048519	3	TRINITY_DN664099_c0_g1	0
"regulation of biological quality"	GO:0065008	2	TRINITY_DN172833_c0_g1	0
"regulation of biological quality"	GO:0065008	2	TRINITY_DN271058_c0_g1	0
"regulation of biological quality"	GO:0065008	2	TRINITY_DN298237_c0_g2	0
"regulation of biological quality"	GO:0065008	2	TRINITY_DN298603_c0_g1	0
"regulation of biological quality"	GO:0065008	2	TRINITY_DN311493_c0_g1	0
"regulation of biological quality"	GO:0065008	2	TRINITY_DN317254_c3_g1	0
"regulation of biological quality"	GO:0065008	2	TRINITY_DN621412_c0_g1	0
"organelle assembly"	GO:0000045;GO:0070925;GO:1905037;GO:0007033	4	TRINITY_DN259525_c0_g1	0
"organelle assembly"	GO:0000045;GO:0070925;GO:1905037;GO:0007033	4	TRINITY_DN296773_c0_g1	0
"organelle assembly"	GO:0000045;GO:0070925;GO:1905037;GO:0007033	4	TRINITY_DN298235_c4_g2	0
"organelle assembly"	GO:0000045;GO:0070925;GO:1905037;GO:0007033	4	TRINITY_DN298235_c4_g3	0
"organelle assembly"	GO:0000045;GO:0070925;GO:1905037;GO:0007033	4	TRINITY_DN298235_c4_g4	0
"organelle assembly"	GO:0000045;GO:0070925;GO:1905037;GO:0007033	4	TRINITY_DN298449_c4_g2	0
"organelle assembly"	GO:0000045;GO:0070925;GO:1905037;GO:0007033	4	TRINITY_DN317613_c0_g1	0
"organelle assembly"	GO:0000045;GO:0070925;GO:1905037;GO:0007033	4	TRINITY_DN6268_c0_g1	0.767685087658995
"carbohydrate derivative metabolic process"	GO:0006643;GO:0009247;GO:0006664;GO:0046467;GO:1901137;GO:1903509;GO:1901135	3	TRINITY_DN11147_c0_g1	0
"carbohydrate derivative metabolic process"	GO:0006643;GO:0009247;GO:0006664;GO:0046467;GO:1901137;GO:1903509;GO:1901135	3	TRINITY_DN312765_c0_g1	0.891171669831389
"carbohydrate derivative metabolic process"	GO:0006643;GO:0009247;GO:0006664;GO:0046467;GO:1901137;GO:1903509;GO:1901135	3	TRINITY_DN312765_c0_g3	0
"carbohydrate derivative metabolic process"	GO:0006643;GO:0009247;GO:0006664;GO:0046467;GO:1901137;GO:1903509;GO:1901135	3	TRINITY_DN312765_c0_g4	0.970378230218717
"carbohydrate derivative metabolic process"	GO:0006643;GO:0009247;GO:0006664;GO:0046467;GO:1901137;GO:1903509;GO:1901135	3	TRINITY_DN314830_c2_g1	0
"carbohydrate derivative metabolic process"	GO:0006643;GO:0009247;GO:0006664;GO:0046467;GO:1901137;GO:1903509;GO:1901135	3	TRINITY_DN314830_c3_g3	0
"carbohydrate derivative metabolic process"	GO:0006643;GO:0009247;GO:0006664;GO:0046467;GO:1901137;GO:1903509;GO:1901135	3	TRINITY_DN35249_c0_g1	0
"terpenoid metabolic process"	GO:0006721;GO:0006720	3	TRINITY_DN172833_c0_g1	0
"terpenoid metabolic process"	GO:0006721;GO:0006720	3	TRINITY_DN296361_c0_g1	0.854445263210741
"terpenoid metabolic process"	GO:0006721;GO:0006720	3	TRINITY_DN296361_c0_g2	0
"terpenoid metabolic process"	GO:0006721;GO:0006720	3	TRINITY_DN310086_c1_g2	0
"terpenoid metabolic process"	GO:0006721;GO:0006720	3	TRINITY_DN310086_c1_g4	0
"terpenoid metabolic process"	GO:0006721;GO:0006720	3	TRINITY_DN46282_c0_g1	0
"regulation of cyclin-dependent protein serine/threonine kinase activity"	GO:0000079;GO:1904029	5	TRINITY_DN228040_c0_g1	0
"regulation of cyclin-dependent protein serine/threonine kinase activity"	GO:0000079;GO:1904029	5	TRINITY_DN254270_c0_g1	0.892762373546819
"regulation of cyclin-dependent protein serine/threonine kinase activity"	GO:0000079;GO:1904029	5	TRINITY_DN271276_c0_g1	0
"regulation of cyclin-dependent protein serine/threonine kinase activity"	GO:0000079;GO:1904029	5	TRINITY_DN299755_c1_g2	0
"regulation of cyclin-dependent protein serine/threonine kinase activity"	GO:0000079;GO:1904029	5	TRINITY_DN299755_c1_g3	0
"cellular developmental process"	GO:0048869	2	TRINITY_DN111787_c0_g1	0
"cellular developmental process"	GO:0048869	2	TRINITY_DN256554_c0_g1	0
"cellular developmental process"	GO:0048869	2	TRINITY_DN256932_c0_g1	0.710433990644143
"cellular developmental process"	GO:0048869	2	TRINITY_DN277060_c0_g1	0
"cellular developmental process"	GO:0048869	2	TRINITY_DN293346_c6_g2	0
"cellular developmental process"	GO:0048869	2	TRINITY_DN293696_c0_g3	0
"cellular developmental process"	GO:0048869	2	TRINITY_DN298474_c3_g1	0
"cellular developmental process"	GO:0048869	2	TRINITY_DN299700_c1_g1	0
"cellular developmental process"	GO:0048869	2	TRINITY_DN299700_c1_g2	0
"cellular developmental process"	GO:0048869	2	TRINITY_DN299700_c1_g3	0
"cellular developmental process"	GO:0048869	2	TRINITY_DN310086_c1_g1	0
"cellular developmental process"	GO:0048869	2	TRINITY_DN310086_c1_g3	0
"cellular developmental process"	GO:0048869	2	TRINITY_DN311036_c1_g2	0
"cellular developmental process"	GO:0048869	2	TRINITY_DN311463_c2_g1	0
"cellular developmental process"	GO:0048869	2	TRINITY_DN311745_c0_g3	0
"cellular developmental process"	GO:0048869	2	TRINITY_DN311982_c5_g6	0
"cellular developmental process"	GO:0048869	2	TRINITY_DN312087_c2_g1	0
"cellular developmental process"	GO:0048869	2	TRINITY_DN314176_c1_g5	0
"cellular developmental process"	GO:0048869	2	TRINITY_DN31485_c0_g1	0
"intracellular signal transduction"	GO:0000165;GO:0023014;GO:0035556;GO:0006468;GO:0016310	7	TRINITY_DN115924_c0_g1	-0.547941701563518
"intracellular signal transduction"	GO:0000165;GO:0023014;GO:0035556;GO:0006468;GO:0016310	7	TRINITY_DN227395_c0_g2	0
"intracellular signal transduction"	GO:0000165;GO:0023014;GO:0035556;GO:0006468;GO:0016310	7	TRINITY_DN27666_c0_g1	0
"intracellular signal transduction"	GO:0000165;GO:0023014;GO:0035556;GO:0006468;GO:0016310	7	TRINITY_DN310732_c2_g5	0
"intracellular signal transduction"	GO:0000165;GO:0023014;GO:0035556;GO:0006468;GO:0016310	7	TRINITY_DN311039_c3_g1	0
"intracellular signal transduction"	GO:0000165;GO:0023014;GO:0035556;GO:0006468;GO:0016310	7	TRINITY_DN312044_c4_g1	0
"intracellular signal transduction"	GO:0000165;GO:0023014;GO:0035556;GO:0006468;GO:0016310	7	TRINITY_DN676967_c0_g1	0
"intracellular signal transduction"	GO:0000165;GO:0023014;GO:0035556;GO:0006468;GO:0016310	7	TRINITY_DN277398_c0_g1	0
"intracellular signal transduction"	GO:0000165;GO:0023014;GO:0035556;GO:0006468;GO:0016310	7	TRINITY_DN277398_c0_g2	0
"spliceosomal tri-snRNP complex assembly"	GO:0000244	3	TRINITY_DN104204_c0_g1	0
"spliceosomal tri-snRNP complex assembly"	GO:0000244	3	TRINITY_DN22369_c0_g1	0
"spliceosomal tri-snRNP complex assembly"	GO:0000244	3	TRINITY_DN226758_c0_g1	0
"spliceosomal tri-snRNP complex assembly"	GO:0000244	3	TRINITY_DN311983_c0_g1	0.949550936349133
"spliceosomal tri-snRNP complex assembly"	GO:0000244	3	TRINITY_DN316934_c2_g1	0
"spliceosomal tri-snRNP complex assembly"	GO:0000244	3	TRINITY_DN385650_c0_g1	0
"spliceosomal tri-snRNP complex assembly"	GO:0000244	3	TRINITY_DN449828_c0_g1	0
"anatomical structure homeostasis"	GO:0060249;GO:0042592	4	TRINITY_DN298237_c0_g2	0
"anatomical structure homeostasis"	GO:0060249;GO:0042592	4	TRINITY_DN298603_c0_g1	0
"anatomical structure homeostasis"	GO:0060249;GO:0042592	4	TRINITY_DN311493_c0_g1	0
"anatomical structure homeostasis"	GO:0060249;GO:0042592	4	TRINITY_DN317254_c3_g1	0
"anatomical structure homeostasis"	GO:0060249;GO:0042592	4	TRINITY_DN621412_c0_g1	0
"rRNA processing"	GO:0006364;GO:0016072	7	TRINITY_DN105050_c0_g1	0
"rRNA processing"	GO:0006364;GO:0016072	7	TRINITY_DN227532_c0_g1	0
"rRNA processing"	GO:0006364;GO:0016072	7	TRINITY_DN274635_c0_g1	0
"rRNA processing"	GO:0006364;GO:0016072	7	TRINITY_DN277043_c0_g1	0
"rRNA processing"	GO:0006364;GO:0016072	7	TRINITY_DN277043_c0_g2	0
"rRNA processing"	GO:0006364;GO:0016072	7	TRINITY_DN277077_c0_g1	0
"rRNA processing"	GO:0006364;GO:0016072	7	TRINITY_DN277217_c0_g1	0
"rRNA processing"	GO:0006364;GO:0016072	7	TRINITY_DN292991_c0_g1	0
"rRNA processing"	GO:0006364;GO:0016072	7	TRINITY_DN293385_c0_g1	0
"rRNA processing"	GO:0006364;GO:0016072	7	TRINITY_DN293452_c1_g1	0
"rRNA processing"	GO:0006364;GO:0016072	7	TRINITY_DN293452_c1_g2	0
"rRNA processing"	GO:0006364;GO:0016072	7	TRINITY_DN293452_c1_g3	0
"rRNA processing"	GO:0006364;GO:0016072	7	TRINITY_DN293452_c1_g4	0
"rRNA processing"	GO:0006364;GO:0016072	7	TRINITY_DN293452_c1_g6	0
"rRNA processing"	GO:0006364;GO:0016072	7	TRINITY_DN293452_c2_g1	0
"rRNA processing"	GO:0006364;GO:0016072	7	TRINITY_DN293452_c2_g2	0
"rRNA processing"	GO:0006364;GO:0016072	7	TRINITY_DN293452_c2_g5	0
"rRNA processing"	GO:0006364;GO:0016072	7	TRINITY_DN293483_c0_g1	0.932669613112518
"rRNA processing"	GO:0006364;GO:0016072	7	TRINITY_DN293826_c5_g4	0
"rRNA processing"	GO:0006364;GO:0016072	7	TRINITY_DN293826_c5_g5	0
"rRNA processing"	GO:0006364;GO:0016072	7	TRINITY_DN294781_c1_g1	0
"rRNA processing"	GO:0006364;GO:0016072	7	TRINITY_DN294781_c2_g1	0
"rRNA processing"	GO:0006364;GO:0016072	7	TRINITY_DN294781_c2_g2	0
"rRNA processing"	GO:0006364;GO:0016072	7	TRINITY_DN294781_c2_g5	0
"rRNA processing"	GO:0006364;GO:0016072	7	TRINITY_DN294781_c2_g6	0
"rRNA processing"	GO:0006364;GO:0016072	7	TRINITY_DN294781_c2_g7	0
"rRNA processing"	GO:0006364;GO:0016072	7	TRINITY_DN296362_c0_g2	0
"rRNA processing"	GO:0006364;GO:0016072	7	TRINITY_DN298235_c4_g1	0
"rRNA processing"	GO:0006364;GO:0016072	7	TRINITY_DN37448_c0_g1	0
"rRNA processing"	GO:0006364;GO:0016072	7	TRINITY_DN663141_c0_g1	0
"microtubule-based process"	GO:0000226;GO:0007010;GO:0007017	3	TRINITY_DN175246_c0_g1	0
"microtubule-based process"	GO:0000226;GO:0007010;GO:0007017	3	TRINITY_DN251965_c0_g1	0
"microtubule-based process"	GO:0000226;GO:0007010;GO:0007017	3	TRINITY_DN271219_c0_g2	0
"microtubule-based process"	GO:0000226;GO:0007010;GO:0007017	3	TRINITY_DN293346_c7_g1	0
"microtubule-based process"	GO:0000226;GO:0007010;GO:0007017	3	TRINITY_DN295073_c1_g1	0
"microtubule-based process"	GO:0000226;GO:0007010;GO:0007017	3	TRINITY_DN295224_c1_g2	0
"microtubule-based process"	GO:0000226;GO:0007010;GO:0007017	3	TRINITY_DN295226_c1_g1	0
"microtubule-based process"	GO:0000226;GO:0007010;GO:0007017	3	TRINITY_DN296798_c5_g3	0
"microtubule-based process"	GO:0000226;GO:0007010;GO:0007017	3	TRINITY_DN299782_c2_g2	0
"microtubule-based process"	GO:0000226;GO:0007010;GO:0007017	3	TRINITY_DN311476_c0_g1	0
"microtubule-based process"	GO:0000226;GO:0007010;GO:0007017	3	TRINITY_DN311789_c3_g3	0
"microtubule-based process"	GO:0000226;GO:0007010;GO:0007017	3	TRINITY_DN311789_c3_g6	0
"microtubule-based process"	GO:0000226;GO:0007010;GO:0007017	3	TRINITY_DN293890_c1_g1	0
"nucleocytoplasmic transport"	GO:0006913;GO:0051169	3	TRINITY_DN278343_c0_g1	0
"nucleocytoplasmic transport"	GO:0006913;GO:0051169	3	TRINITY_DN292335_c2_g11	0
"nucleocytoplasmic transport"	GO:0006913;GO:0051169	3	TRINITY_DN316646_c2_g1	0
"nucleocytoplasmic transport"	GO:0006913;GO:0051169	3	TRINITY_DN52681_c0_g1	0
"nucleocytoplasmic transport"	GO:0006913;GO:0051169	3	TRINITY_DN659541_c0_g1	0
"movement of cell or subcellular component"	GO:0016477;GO:0048870;GO:0006928;GO:0040011	2	TRINITY_DN238630_c0_g1	0
"movement of cell or subcellular component"	GO:0016477;GO:0048870;GO:0006928;GO:0040011	2	TRINITY_DN255905_c0_g1	0
"movement of cell or subcellular component"	GO:0016477;GO:0048870;GO:0006928;GO:0040011	2	TRINITY_DN298474_c8_g2	0
"movement of cell or subcellular component"	GO:0016477;GO:0048870;GO:0006928;GO:0040011	2	TRINITY_DN298474_c8_g3	0
"movement of cell or subcellular component"	GO:0016477;GO:0048870;GO:0006928;GO:0040011	2	TRINITY_DN312728_c0_g1	0
"movement of cell or subcellular component"	GO:0016477;GO:0048870;GO:0006928;GO:0040011	2	TRINITY_DN46290_c0_g1	0
"movement of cell or subcellular component"	GO:0016477;GO:0048870;GO:0006928;GO:0040011	2	TRINITY_DN276630_c0_g1	0
"cell cycle process"	GO:1903047;GO:0022402	2	TRINITY_DN110214_c0_g1	0
"cell cycle process"	GO:1903047;GO:0022402	2	TRINITY_DN211146_c0_g1	0
"cell cycle process"	GO:1903047;GO:0022402	2	TRINITY_DN226748_c0_g1	0
"cell cycle process"	GO:1903047;GO:0022402	2	TRINITY_DN256517_c0_g1	0
"cell cycle process"	GO:1903047;GO:0022402	2	TRINITY_DN293346_c6_g1	0
"cell cycle process"	GO:1903047;GO:0022402	2	TRINITY_DN293346_c7_g1	0
"cell cycle process"	GO:1903047;GO:0022402	2	TRINITY_DN293890_c1_g1	0
"cell cycle process"	GO:1903047;GO:0022402	2	TRINITY_DN295224_c1_g2	0
"cell cycle process"	GO:1903047;GO:0022402	2	TRINITY_DN296368_c1_g1	0
"cell cycle process"	GO:1903047;GO:0022402	2	TRINITY_DN298474_c8_g1	0
"cell cycle process"	GO:1903047;GO:0022402	2	TRINITY_DN298843_c0_g1	0
"cell cycle process"	GO:1903047;GO:0022402	2	TRINITY_DN312087_c2_g2	0
"cell cycle process"	GO:1903047;GO:0022402	2	TRINITY_DN312087_c2_g6	0
"cell cycle process"	GO:1903047;GO:0022402	2	TRINITY_DN312087_c2_g7	0
"cell cycle process"	GO:1903047;GO:0022402	2	TRINITY_DN312741_c6_g2	0
"cell cycle process"	GO:1903047;GO:0022402	2	TRINITY_DN314620_c0_g2	0
"cell cycle process"	GO:1903047;GO:0022402	2	TRINITY_DN316927_c2_g1	0
"cell cycle process"	GO:1903047;GO:0022402	2	TRINITY_DN316953_c8_g3	0
"cell cycle process"	GO:1903047;GO:0022402	2	TRINITY_DN316954_c4_g2	0
"cell cycle process"	GO:1903047;GO:0022402	2	TRINITY_DN316955_c0_g2	0
"cell cycle process"	GO:1903047;GO:0022402	2	TRINITY_DN385564_c0_g1	0
"cell cycle process"	GO:1903047;GO:0022402	2	TRINITY_DN591414_c0_g1	0
"cell cycle process"	GO:1903047;GO:0022402	2	TRINITY_DN251965_c0_g1	0
"cell cycle process"	GO:1903047;GO:0022402	2	TRINITY_DN274625_c0_g1	0
"cell cycle process"	GO:1903047;GO:0022402	2	TRINITY_DN296268_c0_g1	0.936980362402728
"cell cycle process"	GO:1903047;GO:0022402	2	TRINITY_DN59436_c0_g1	0
"cellular catabolic process"	GO:0044265;GO:0044248	2	TRINITY_DN111503_c0_g1	0
"cellular catabolic process"	GO:0044265;GO:0044248	2	TRINITY_DN151696_c0_g1	0
"cellular catabolic process"	GO:0044265;GO:0044248	2	TRINITY_DN278325_c0_g1	0
"cellular catabolic process"	GO:0044265;GO:0044248	2	TRINITY_DN292384_c0_g1	0
"cellular catabolic process"	GO:0044265;GO:0044248	2	TRINITY_DN298470_c0_g1	0.943222967967973
"cellular catabolic process"	GO:0044265;GO:0044248	2	TRINITY_DN298470_c0_g3	0
"cellular catabolic process"	GO:0044265;GO:0044248	2	TRINITY_DN299271_c0_g2	0.938729658965651
"cellular catabolic process"	GO:0044265;GO:0044248	2	TRINITY_DN311468_c0_g1	0
"cellular catabolic process"	GO:0044265;GO:0044248	2	TRINITY_DN312794_c0_g1	0
"cellular catabolic process"	GO:0044265;GO:0044248	2	TRINITY_DN318516_c0_g1	0
"cellular catabolic process"	GO:0044265;GO:0044248	2	TRINITY_DN3187_c0_g1	0
"cellular catabolic process"	GO:0044265;GO:0044248	2	TRINITY_DN34932_c0_g1	0
"cellular catabolic process"	GO:0044265;GO:0044248	2	TRINITY_DN35976_c0_g1	0
"cellular catabolic process"	GO:0044265;GO:0044248	2	TRINITY_DN66601_c0_g1	0
"cellular catabolic process"	GO:0044265;GO:0044248	2	TRINITY_DN274628_c0_g1	0
"cellular catabolic process"	GO:0044265;GO:0044248	2	TRINITY_DN668916_c0_g1	0
"nitrogen compound transport"	GO:0071705;GO:0071702	4	TRINITY_DN226611_c0_g1	0
"nitrogen compound transport"	GO:0071705;GO:0071702	4	TRINITY_DN252333_c0_g1	0
"nitrogen compound transport"	GO:0071705;GO:0071702	4	TRINITY_DN278343_c0_g1	0
"nitrogen compound transport"	GO:0071705;GO:0071702	4	TRINITY_DN292335_c2_g11	0
"nitrogen compound transport"	GO:0071705;GO:0071702	4	TRINITY_DN292396_c0_g1	0
"nitrogen compound transport"	GO:0071705;GO:0071702	4	TRINITY_DN292396_c0_g2	0
"nitrogen compound transport"	GO:0071705;GO:0071702	4	TRINITY_DN292396_c0_g3	0
"nitrogen compound transport"	GO:0071705;GO:0071702	4	TRINITY_DN292396_c0_g4	0
"nitrogen compound transport"	GO:0071705;GO:0071702	4	TRINITY_DN299759_c0_g1	0.897258880520678
"nitrogen compound transport"	GO:0071705;GO:0071702	4	TRINITY_DN311498_c1_g1	0.908153890286017
"nitrogen compound transport"	GO:0071705;GO:0071702	4	TRINITY_DN316646_c2_g1	0
"nitrogen compound transport"	GO:0071705;GO:0071702	4	TRINITY_DN52681_c0_g1	0
"nitrogen compound transport"	GO:0071705;GO:0071702	4	TRINITY_DN659541_c0_g1	0
"maturation of LSU-rRNA"	GO:0000470;GO:0000463	2	TRINITY_DN105050_c0_g1	0
"maturation of LSU-rRNA"	GO:0000470;GO:0000463	2	TRINITY_DN227532_c0_g1	0
"maturation of LSU-rRNA"	GO:0000470;GO:0000463	2	TRINITY_DN277043_c0_g1	0
"maturation of LSU-rRNA"	GO:0000470;GO:0000463	2	TRINITY_DN277043_c0_g2	0
"maturation of LSU-rRNA"	GO:0000470;GO:0000463	2	TRINITY_DN277217_c0_g1	0
"maturation of LSU-rRNA"	GO:0000470;GO:0000463	2	TRINITY_DN293385_c0_g1	0
"maturation of LSU-rRNA"	GO:0000470;GO:0000463	2	TRINITY_DN293452_c1_g1	0
"maturation of LSU-rRNA"	GO:0000470;GO:0000463	2	TRINITY_DN293452_c1_g2	0
"maturation of LSU-rRNA"	GO:0000470;GO:0000463	2	TRINITY_DN293452_c1_g3	0
"maturation of LSU-rRNA"	GO:0000470;GO:0000463	2	TRINITY_DN293452_c1_g4	0
"maturation of LSU-rRNA"	GO:0000470;GO:0000463	2	TRINITY_DN293452_c1_g6	0
"maturation of LSU-rRNA"	GO:0000470;GO:0000463	2	TRINITY_DN293452_c2_g1	0
"maturation of LSU-rRNA"	GO:0000470;GO:0000463	2	TRINITY_DN293452_c2_g2	0
"maturation of LSU-rRNA"	GO:0000470;GO:0000463	2	TRINITY_DN293452_c2_g5	0
"maturation of LSU-rRNA"	GO:0000470;GO:0000463	2	TRINITY_DN293483_c0_g1	0.932669613112518
"maturation of LSU-rRNA"	GO:0000470;GO:0000463	2	TRINITY_DN294781_c1_g1	0
"maturation of LSU-rRNA"	GO:0000470;GO:0000463	2	TRINITY_DN294781_c2_g1	0
"maturation of LSU-rRNA"	GO:0000470;GO:0000463	2	TRINITY_DN294781_c2_g2	0
"maturation of LSU-rRNA"	GO:0000470;GO:0000463	2	TRINITY_DN294781_c2_g5	0
"maturation of LSU-rRNA"	GO:0000470;GO:0000463	2	TRINITY_DN294781_c2_g6	0
"maturation of LSU-rRNA"	GO:0000470;GO:0000463	2	TRINITY_DN294781_c2_g7	0
"maturation of LSU-rRNA"	GO:0000470;GO:0000463	2	TRINITY_DN37448_c0_g1	0
"maturation of LSU-rRNA"	GO:0000470;GO:0000463	2	TRINITY_DN663141_c0_g1	0
"reproductive process"	GO:0022414	1	TRINITY_DN251965_c0_g1	0
"reproductive process"	GO:0022414	1	TRINITY_DN274844_c0_g2	0
"reproductive process"	GO:0022414	1	TRINITY_DN310761_c3_g1	0
"reproductive process"	GO:0022414	1	TRINITY_DN314154_c3_g3	0
"reproductive process"	GO:0022414	1	TRINITY_DN59436_c0_g1	0
"positive regulation of biological process"	GO:0048518;GO:0048583;GO:0048584	2	TRINITY_DN136047_c0_g1	0
"positive regulation of biological process"	GO:0048518;GO:0048583;GO:0048584	2	TRINITY_DN227534_c0_g1	0
"positive regulation of biological process"	GO:0048518;GO:0048583;GO:0048584	2	TRINITY_DN2354_c0_g1	0
"positive regulation of biological process"	GO:0048518;GO:0048583;GO:0048584	2	TRINITY_DN254274_c0_g1	0
"positive regulation of biological process"	GO:0048518;GO:0048583;GO:0048584	2	TRINITY_DN292394_c0_g1	0
"positive regulation of biological process"	GO:0048518;GO:0048583;GO:0048584	2	TRINITY_DN294139_c0_g3	0
"positive regulation of biological process"	GO:0048518;GO:0048583;GO:0048584	2	TRINITY_DN295269_c0_g3	0
"positive regulation of biological process"	GO:0048518;GO:0048583;GO:0048584	2	TRINITY_DN295269_c0_g6	0
"positive regulation of biological process"	GO:0048518;GO:0048583;GO:0048584	2	TRINITY_DN298143_c0_g1	0.90164158940335
"positive regulation of biological process"	GO:0048518;GO:0048583;GO:0048584	2	TRINITY_DN298441_c0_g1	0
"positive regulation of biological process"	GO:0048518;GO:0048583;GO:0048584	2	TRINITY_DN299263_c0_g1	0
"positive regulation of biological process"	GO:0048518;GO:0048583;GO:0048584	2	TRINITY_DN299263_c0_g2	0
"positive regulation of biological process"	GO:0048518;GO:0048583;GO:0048584	2	TRINITY_DN312745_c1_g2	0
"positive regulation of biological process"	GO:0048518;GO:0048583;GO:0048584	2	TRINITY_DN314626_c2_g2	0
"positive regulation of biological process"	GO:0048518;GO:0048583;GO:0048584	2	TRINITY_DN314626_c2_g4	0
"positive regulation of biological process"	GO:0048518;GO:0048583;GO:0048584	2	TRINITY_DN293484_c0_g1	0.888969926362395
"positive regulation of biological process"	GO:0048518;GO:0048583;GO:0048584	2	TRINITY_DN293484_c0_g3	0.612409218654969
"amide biosynthetic process"	GO:0002181;GO:0006412;GO:0043043;GO:0006518;GO:0043604	4	TRINITY_DN111582_c0_g1	0
"amide biosynthetic process"	GO:0002181;GO:0006412;GO:0043043;GO:0006518;GO:0043604	4	TRINITY_DN15057_c0_g1	0
"amide biosynthetic process"	GO:0002181;GO:0006412;GO:0043043;GO:0006518;GO:0043604	4	TRINITY_DN211627_c0_g1	0
"amide biosynthetic process"	GO:0002181;GO:0006412;GO:0043043;GO:0006518;GO:0043604	4	TRINITY_DN226098_c0_g1	0
"amide biosynthetic process"	GO:0002181;GO:0006412;GO:0043043;GO:0006518;GO:0043604	4	TRINITY_DN226098_c0_g2	0
"amide biosynthetic process"	GO:0002181;GO:0006412;GO:0043043;GO:0006518;GO:0043604	4	TRINITY_DN22612_c0_g1	0
"amide biosynthetic process"	GO:0002181;GO:0006412;GO:0043043;GO:0006518;GO:0043604	4	TRINITY_DN227743_c0_g1	0
"amide biosynthetic process"	GO:0002181;GO:0006412;GO:0043043;GO:0006518;GO:0043604	4	TRINITY_DN238439_c0_g1	0
"amide biosynthetic process"	GO:0002181;GO:0006412;GO:0043043;GO:0006518;GO:0043604	4	TRINITY_DN254235_c1_g1	0
"amide biosynthetic process"	GO:0002181;GO:0006412;GO:0043043;GO:0006518;GO:0043604	4	TRINITY_DN256214_c0_g1	0
"amide biosynthetic process"	GO:0002181;GO:0006412;GO:0043043;GO:0006518;GO:0043604	4	TRINITY_DN274832_c0_g1	0
"amide biosynthetic process"	GO:0002181;GO:0006412;GO:0043043;GO:0006518;GO:0043604	4	TRINITY_DN292338_c0_g1	0
"amide biosynthetic process"	GO:0002181;GO:0006412;GO:0043043;GO:0006518;GO:0043604	4	TRINITY_DN292338_c1_g2	0
"amide biosynthetic process"	GO:0002181;GO:0006412;GO:0043043;GO:0006518;GO:0043604	4	TRINITY_DN293493_c2_g1	0
"amide biosynthetic process"	GO:0002181;GO:0006412;GO:0043043;GO:0006518;GO:0043604	4	TRINITY_DN293689_c0_g6	0
"amide biosynthetic process"	GO:0002181;GO:0006412;GO:0043043;GO:0006518;GO:0043604	4	TRINITY_DN294662_c0_g1	0
"amide biosynthetic process"	GO:0002181;GO:0006412;GO:0043043;GO:0006518;GO:0043604	4	TRINITY_DN294767_c1_g1	0
"amide biosynthetic process"	GO:0002181;GO:0006412;GO:0043043;GO:0006518;GO:0043604	4	TRINITY_DN294767_c3_g1	0
"amide biosynthetic process"	GO:0002181;GO:0006412;GO:0043043;GO:0006518;GO:0043604	4	TRINITY_DN294767_c4_g1	0.570700773461106
"amide biosynthetic process"	GO:0002181;GO:0006412;GO:0043043;GO:0006518;GO:0043604	4	TRINITY_DN294767_c5_g1	0
"amide biosynthetic process"	GO:0002181;GO:0006412;GO:0043043;GO:0006518;GO:0043604	4	TRINITY_DN294767_c5_g2	0
"amide biosynthetic process"	GO:0002181;GO:0006412;GO:0043043;GO:0006518;GO:0043604	4	TRINITY_DN294767_c5_g4	0
"amide biosynthetic process"	GO:0002181;GO:0006412;GO:0043043;GO:0006518;GO:0043604	4	TRINITY_DN294767_c5_g6	0
"amide biosynthetic process"	GO:0002181;GO:0006412;GO:0043043;GO:0006518;GO:0043604	4	TRINITY_DN294775_c0_g1	0
"amide biosynthetic process"	GO:0002181;GO:0006412;GO:0043043;GO:0006518;GO:0043604	4	TRINITY_DN29865_c0_g1	0
"amide biosynthetic process"	GO:0002181;GO:0006412;GO:0043043;GO:0006518;GO:0043604	4	TRINITY_DN298834_c0_g1	0
"amide biosynthetic process"	GO:0002181;GO:0006412;GO:0043043;GO:0006518;GO:0043604	4	TRINITY_DN298841_c2_g1	0
"amide biosynthetic process"	GO:0002181;GO:0006412;GO:0043043;GO:0006518;GO:0043604	4	TRINITY_DN299270_c7_g5	0
"amide biosynthetic process"	GO:0002181;GO:0006412;GO:0043043;GO:0006518;GO:0043604	4	TRINITY_DN310743_c5_g1	0
"amide biosynthetic process"	GO:0002181;GO:0006412;GO:0043043;GO:0006518;GO:0043604	4	TRINITY_DN310743_c5_g2	0
"amide biosynthetic process"	GO:0002181;GO:0006412;GO:0043043;GO:0006518;GO:0043604	4	TRINITY_DN311414_c0_g1	0
"amide biosynthetic process"	GO:0002181;GO:0006412;GO:0043043;GO:0006518;GO:0043604	4	TRINITY_DN311465_c2_g1	0
"amide biosynthetic process"	GO:0002181;GO:0006412;GO:0043043;GO:0006518;GO:0043604	4	TRINITY_DN311465_c3_g1	0
"amide biosynthetic process"	GO:0002181;GO:0006412;GO:0043043;GO:0006518;GO:0043604	4	TRINITY_DN312044_c3_g1	0
"amide biosynthetic process"	GO:0002181;GO:0006412;GO:0043043;GO:0006518;GO:0043604	4	TRINITY_DN312048_c0_g1	0
"amide biosynthetic process"	GO:0002181;GO:0006412;GO:0043043;GO:0006518;GO:0043604	4	TRINITY_DN314102_c2_g2	0
"amide biosynthetic process"	GO:0002181;GO:0006412;GO:0043043;GO:0006518;GO:0043604	4	TRINITY_DN314152_c5_g6	0
"amide biosynthetic process"	GO:0002181;GO:0006412;GO:0043043;GO:0006518;GO:0043604	4	TRINITY_DN314179_c1_g1	0
"amide biosynthetic process"	GO:0002181;GO:0006412;GO:0043043;GO:0006518;GO:0043604	4	TRINITY_DN314216_c8_g2	0
"amide biosynthetic process"	GO:0002181;GO:0006412;GO:0043043;GO:0006518;GO:0043604	4	TRINITY_DN314624_c2_g1	0
"amide biosynthetic process"	GO:0002181;GO:0006412;GO:0043043;GO:0006518;GO:0043604	4	TRINITY_DN314624_c5_g1	0
"amide biosynthetic process"	GO:0002181;GO:0006412;GO:0043043;GO:0006518;GO:0043604	4	TRINITY_DN314625_c1_g1	0
"amide biosynthetic process"	GO:0002181;GO:0006412;GO:0043043;GO:0006518;GO:0043604	4	TRINITY_DN316642_c2_g1	0
"amide biosynthetic process"	GO:0002181;GO:0006412;GO:0043043;GO:0006518;GO:0043604	4	TRINITY_DN316904_c6_g1	0
"amide biosynthetic process"	GO:0002181;GO:0006412;GO:0043043;GO:0006518;GO:0043604	4	TRINITY_DN316904_c7_g3	0
"amide biosynthetic process"	GO:0002181;GO:0006412;GO:0043043;GO:0006518;GO:0043604	4	TRINITY_DN316904_c7_g4	0
"amide biosynthetic process"	GO:0002181;GO:0006412;GO:0043043;GO:0006518;GO:0043604	4	TRINITY_DN316904_c8_g3	0
"amide biosynthetic process"	GO:0002181;GO:0006412;GO:0043043;GO:0006518;GO:0043604	4	TRINITY_DN316904_c8_g4	0
"amide biosynthetic process"	GO:0002181;GO:0006412;GO:0043043;GO:0006518;GO:0043604	4	TRINITY_DN3772_c0_g2	0
"amide biosynthetic process"	GO:0002181;GO:0006412;GO:0043043;GO:0006518;GO:0043604	4	TRINITY_DN463961_c0_g1	0
"amide biosynthetic process"	GO:0002181;GO:0006412;GO:0043043;GO:0006518;GO:0043604	4	TRINITY_DN540533_c0_g1	0
"amide biosynthetic process"	GO:0002181;GO:0006412;GO:0043043;GO:0006518;GO:0043604	4	TRINITY_DN316210_c3_g3	0
"amide biosynthetic process"	GO:0002181;GO:0006412;GO:0043043;GO:0006518;GO:0043604	4	TRINITY_DN274628_c0_g1	0
"amide biosynthetic process"	GO:0002181;GO:0006412;GO:0043043;GO:0006518;GO:0043604	4	TRINITY_DN276028_c3_g1	0
"amide biosynthetic process"	GO:0002181;GO:0006412;GO:0043043;GO:0006518;GO:0043604	4	TRINITY_DN6494_c0_g1	0
"ion transport"	GO:0006811	3	TRINITY_DN226611_c0_g1	0
"ion transport"	GO:0006811	3	TRINITY_DN228041_c0_g1	0
"ion transport"	GO:0006811	3	TRINITY_DN252333_c0_g1	0
"ion transport"	GO:0006811	3	TRINITY_DN292396_c0_g1	0
"ion transport"	GO:0006811	3	TRINITY_DN292396_c0_g2	0
"ion transport"	GO:0006811	3	TRINITY_DN292396_c0_g3	0
"ion transport"	GO:0006811	3	TRINITY_DN292396_c0_g4	0
"ion transport"	GO:0006811	3	TRINITY_DN294779_c1_g1	0
"ion transport"	GO:0006811	3	TRINITY_DN299209_c0_g1	0
"ion transport"	GO:0006811	3	TRINITY_DN311464_c0_g1	0
"RNA modification"	GO:0009451	2	TRINITY_DN104274_c0_g1	0
"RNA modification"	GO:0009451	2	TRINITY_DN231084_c0_g1	0
"RNA modification"	GO:0009451	2	TRINITY_DN238614_c0_g1	0.756290974743228
"RNA modification"	GO:0009451	2	TRINITY_DN271211_c1_g1	0.875251545259879
"RNA modification"	GO:0009451	2	TRINITY_DN271669_c0_g1	0
"RNA modification"	GO:0009451	2	TRINITY_DN293826_c5_g4	0
"RNA modification"	GO:0009451	2	TRINITY_DN293826_c5_g5	0
"RNA modification"	GO:0009451	2	TRINITY_DN294187_c0_g1	0
"RNA modification"	GO:0009451	2	TRINITY_DN296750_c0_g4	0
"RNA modification"	GO:0009451	2	TRINITY_DN298235_c4_g1	0
"RNA modification"	GO:0009451	2	TRINITY_DN298443_c0_g1	0
"RNA modification"	GO:0009451	2	TRINITY_DN311419_c1_g2	0
"RNA modification"	GO:0009451	2	TRINITY_DN312007_c1_g4	0
"DNA integrity checkpoint"	GO:0031570;GO:0000075;GO:0045786	6	TRINITY_DN254119_c0_g1	0
"DNA integrity checkpoint"	GO:0031570;GO:0000075;GO:0045786	6	TRINITY_DN312745_c1_g1	0
"DNA integrity checkpoint"	GO:0031570;GO:0000075;GO:0045786	6	TRINITY_DN312745_c1_g3	0
"DNA integrity checkpoint"	GO:0031570;GO:0000075;GO:0045786	6	TRINITY_DN316221_c2_g2	0
"DNA integrity checkpoint"	GO:0031570;GO:0000075;GO:0045786	6	TRINITY_DN451916_c0_g1	0
"neuron migration"	GO:0001764	4	TRINITY_DN255905_c0_g1	0
"neuron migration"	GO:0001764	4	TRINITY_DN298474_c8_g2	0
"neuron migration"	GO:0001764	4	TRINITY_DN298474_c8_g3	0
"neuron migration"	GO:0001764	4	TRINITY_DN312728_c0_g1	0
"neuron migration"	GO:0001764	4	TRINITY_DN46290_c0_g1	0
"immune response-activating signal transduction"	GO:0002758;GO:0002757;GO:0002253;GO:0002764;GO:0050778;GO:0050776;GO:0002684;GO:0002682;GO:0002218;GO:0045089;GO:0031349;GO:0045088;GO:0031347;GO:0080134	5	TRINITY_DN299263_c0_g1	0
"immune response-activating signal transduction"	GO:0002758;GO:0002757;GO:0002253;GO:0002764;GO:0050778;GO:0050776;GO:0002684;GO:0002682;GO:0002218;GO:0045089;GO:0031349;GO:0045088;GO:0031347;GO:0080134	5	TRINITY_DN299263_c0_g2	0
"immune response-activating signal transduction"	GO:0002758;GO:0002757;GO:0002253;GO:0002764;GO:0050778;GO:0050776;GO:0002684;GO:0002682;GO:0002218;GO:0045089;GO:0031349;GO:0045088;GO:0031347;GO:0080134	5	TRINITY_DN312745_c1_g2	0
"immune response-activating signal transduction"	GO:0002758;GO:0002757;GO:0002253;GO:0002764;GO:0050778;GO:0050776;GO:0002684;GO:0002682;GO:0002218;GO:0045089;GO:0031349;GO:0045088;GO:0031347;GO:0080134	5	TRINITY_DN314626_c2_g2	0
"immune response-activating signal transduction"	GO:0002758;GO:0002757;GO:0002253;GO:0002764;GO:0050778;GO:0050776;GO:0002684;GO:0002682;GO:0002218;GO:0045089;GO:0031349;GO:0045088;GO:0031347;GO:0080134	5	TRINITY_DN314626_c2_g4	0
"anatomical structure morphogenesis"	GO:0000902;GO:0032989;GO:0009653	3	TRINITY_DN256554_c0_g1	0
"anatomical structure morphogenesis"	GO:0000902;GO:0032989;GO:0009653	3	TRINITY_DN277060_c0_g1	0
"anatomical structure morphogenesis"	GO:0000902;GO:0032989;GO:0009653	3	TRINITY_DN293346_c6_g2	0
"anatomical structure morphogenesis"	GO:0000902;GO:0032989;GO:0009653	3	TRINITY_DN298474_c3_g1	0
"anatomical structure morphogenesis"	GO:0000902;GO:0032989;GO:0009653	3	TRINITY_DN299700_c1_g1	0
"anatomical structure morphogenesis"	GO:0000902;GO:0032989;GO:0009653	3	TRINITY_DN299700_c1_g2	0
"anatomical structure morphogenesis"	GO:0000902;GO:0032989;GO:0009653	3	TRINITY_DN299700_c1_g3	0
"anatomical structure morphogenesis"	GO:0000902;GO:0032989;GO:0009653	3	TRINITY_DN311036_c1_g2	0
"anatomical structure morphogenesis"	GO:0000902;GO:0032989;GO:0009653	3	TRINITY_DN311745_c0_g3	0
"anatomical structure morphogenesis"	GO:0000902;GO:0032989;GO:0009653	3	TRINITY_DN312087_c2_g1	0
"anatomical structure morphogenesis"	GO:0000902;GO:0032989;GO:0009653	3	TRINITY_DN314176_c1_g5	0
"anatomical structure morphogenesis"	GO:0000902;GO:0032989;GO:0009653	3	TRINITY_DN31485_c0_g1	0
"anatomical structure morphogenesis"	GO:0000902;GO:0032989;GO:0009653	3	TRINITY_DN299654_c1_g1	0
"anatomical structure morphogenesis"	GO:0000902;GO:0032989;GO:0009653	3	TRINITY_DN299654_c1_g8	0
"anatomical structure development"	GO:0048856	2	TRINITY_DN111787_c0_g1	0
"anatomical structure development"	GO:0048856	2	TRINITY_DN139737_c0_g1	0
"anatomical structure development"	GO:0048856	2	TRINITY_DN173266_c0_g1	0
"anatomical structure development"	GO:0048856	2	TRINITY_DN293398_c2_g2	0
"anatomical structure development"	GO:0048856	2	TRINITY_DN293696_c0_g3	0
"anatomical structure development"	GO:0048856	2	TRINITY_DN310761_c3_g1	0
"anatomical structure development"	GO:0048856	2	TRINITY_DN314154_c3_g3	0
"anatomical structure development"	GO:0048856	2	TRINITY_DN540260_c0_g1	0
"anatomical structure development"	GO:0048856	2	TRINITY_DN62175_c0_g1	0
"anatomical structure development"	GO:0048856	2	TRINITY_DN656609_c0_g1	0
"regulation of protein modification process"	GO:0071900;GO:0045859;GO:0001932;GO:0043549;GO:0031399;GO:0042325;GO:0051338;GO:0019220;GO:0050790;GO:0065009;GO:0051174;GO:0032268;GO:0051246	6	TRINITY_DN228040_c0_g1	0
"regulation of protein modification process"	GO:0071900;GO:0045859;GO:0001932;GO:0043549;GO:0031399;GO:0042325;GO:0051338;GO:0019220;GO:0050790;GO:0065009;GO:0051174;GO:0032268;GO:0051246	6	TRINITY_DN2354_c0_g1	0
"regulation of protein modification process"	GO:0071900;GO:0045859;GO:0001932;GO:0043549;GO:0031399;GO:0042325;GO:0051338;GO:0019220;GO:0050790;GO:0065009;GO:0051174;GO:0032268;GO:0051246	6	TRINITY_DN254270_c0_g1	0.892762373546819
"regulation of protein modification process"	GO:0071900;GO:0045859;GO:0001932;GO:0043549;GO:0031399;GO:0042325;GO:0051338;GO:0019220;GO:0050790;GO:0065009;GO:0051174;GO:0032268;GO:0051246	6	TRINITY_DN254274_c0_g1	0
"regulation of protein modification process"	GO:0071900;GO:0045859;GO:0001932;GO:0043549;GO:0031399;GO:0042325;GO:0051338;GO:0019220;GO:0050790;GO:0065009;GO:0051174;GO:0032268;GO:0051246	6	TRINITY_DN271276_c0_g1	0
"regulation of protein modification process"	GO:0071900;GO:0045859;GO:0001932;GO:0043549;GO:0031399;GO:0042325;GO:0051338;GO:0019220;GO:0050790;GO:0065009;GO:0051174;GO:0032268;GO:0051246	6	TRINITY_DN292394_c0_g1	0
"regulation of protein modification process"	GO:0071900;GO:0045859;GO:0001932;GO:0043549;GO:0031399;GO:0042325;GO:0051338;GO:0019220;GO:0050790;GO:0065009;GO:0051174;GO:0032268;GO:0051246	6	TRINITY_DN294139_c0_g3	0
"regulation of protein modification process"	GO:0071900;GO:0045859;GO:0001932;GO:0043549;GO:0031399;GO:0042325;GO:0051338;GO:0019220;GO:0050790;GO:0065009;GO:0051174;GO:0032268;GO:0051246	6	TRINITY_DN295269_c0_g3	0
"regulation of protein modification process"	GO:0071900;GO:0045859;GO:0001932;GO:0043549;GO:0031399;GO:0042325;GO:0051338;GO:0019220;GO:0050790;GO:0065009;GO:0051174;GO:0032268;GO:0051246	6	TRINITY_DN298143_c0_g1	0.90164158940335
"regulation of protein modification process"	GO:0071900;GO:0045859;GO:0001932;GO:0043549;GO:0031399;GO:0042325;GO:0051338;GO:0019220;GO:0050790;GO:0065009;GO:0051174;GO:0032268;GO:0051246	6	TRINITY_DN298441_c0_g1	0
"regulation of protein modification process"	GO:0071900;GO:0045859;GO:0001932;GO:0043549;GO:0031399;GO:0042325;GO:0051338;GO:0019220;GO:0050790;GO:0065009;GO:0051174;GO:0032268;GO:0051246	6	TRINITY_DN299755_c1_g2	0
"regulation of protein modification process"	GO:0071900;GO:0045859;GO:0001932;GO:0043549;GO:0031399;GO:0042325;GO:0051338;GO:0019220;GO:0050790;GO:0065009;GO:0051174;GO:0032268;GO:0051246	6	TRINITY_DN299755_c1_g3	0
"regulation of protein modification process"	GO:0071900;GO:0045859;GO:0001932;GO:0043549;GO:0031399;GO:0042325;GO:0051338;GO:0019220;GO:0050790;GO:0065009;GO:0051174;GO:0032268;GO:0051246	6	TRINITY_DN664099_c0_g1	0
"organic hydroxy compound metabolic process"	GO:1901617;GO:1901615	3	TRINITY_DN173172_c0_g1	0
"organic hydroxy compound metabolic process"	GO:1901617;GO:1901615	3	TRINITY_DN226185_c0_g1	0
"organic hydroxy compound metabolic process"	GO:1901617;GO:1901615	3	TRINITY_DN293491_c0_g1	0
"organic hydroxy compound metabolic process"	GO:1901617;GO:1901615	3	TRINITY_DN312715_c0_g1	0.801130375344902
"organic hydroxy compound metabolic process"	GO:1901617;GO:1901615	3	TRINITY_DN312715_c0_g3	0
"negative regulation of cellular metabolic process"	GO:0000122;GO:0006357;GO:0045892;GO:0006355;GO:1903507;GO:2000113;GO:1903506;GO:2000112;GO:1902679;GO:0010558;GO:0031327;GO:2001141;GO:0010556;GO:0031326;GO:0051253;GO:0009890;GO:0031324;GO:0009889;GO:0045934;GO:0051172	7	TRINITY_DN104382_c0_g1	0.808844264315001
"negative regulation of cellular metabolic process"	GO:0000122;GO:0006357;GO:0045892;GO:0006355;GO:1903507;GO:2000113;GO:1903506;GO:2000112;GO:1902679;GO:0010558;GO:0031327;GO:2001141;GO:0010556;GO:0031326;GO:0051253;GO:0009890;GO:0031324;GO:0009889;GO:0045934;GO:0051172	7	TRINITY_DN1511_c0_g1	0
"negative regulation of cellular metabolic process"	GO:0000122;GO:0006357;GO:0045892;GO:0006355;GO:1903507;GO:2000113;GO:1903506;GO:2000112;GO:1902679;GO:0010558;GO:0031327;GO:2001141;GO:0010556;GO:0031326;GO:0051253;GO:0009890;GO:0031324;GO:0009889;GO:0045934;GO:0051172	7	TRINITY_DN151698_c0_g1	0
"negative regulation of cellular metabolic process"	GO:0000122;GO:0006357;GO:0045892;GO:0006355;GO:1903507;GO:2000113;GO:1903506;GO:2000112;GO:1902679;GO:0010558;GO:0031327;GO:2001141;GO:0010556;GO:0031326;GO:0051253;GO:0009890;GO:0031324;GO:0009889;GO:0045934;GO:0051172	7	TRINITY_DN231519_c0_g1	0
"negative regulation of cellular metabolic process"	GO:0000122;GO:0006357;GO:0045892;GO:0006355;GO:1903507;GO:2000113;GO:1903506;GO:2000112;GO:1902679;GO:0010558;GO:0031327;GO:2001141;GO:0010556;GO:0031326;GO:0051253;GO:0009890;GO:0031324;GO:0009889;GO:0045934;GO:0051172	7	TRINITY_DN254004_c0_g3	0
"negative regulation of cellular metabolic process"	GO:0000122;GO:0006357;GO:0045892;GO:0006355;GO:1903507;GO:2000113;GO:1903506;GO:2000112;GO:1902679;GO:0010558;GO:0031327;GO:2001141;GO:0010556;GO:0031326;GO:0051253;GO:0009890;GO:0031324;GO:0009889;GO:0045934;GO:0051172	7	TRINITY_DN256912_c0_g1	0
"negative regulation of cellular metabolic process"	GO:0000122;GO:0006357;GO:0045892;GO:0006355;GO:1903507;GO:2000113;GO:1903506;GO:2000112;GO:1902679;GO:0010558;GO:0031327;GO:2001141;GO:0010556;GO:0031326;GO:0051253;GO:0009890;GO:0031324;GO:0009889;GO:0045934;GO:0051172	7	TRINITY_DN276572_c0_g1	0
"negative regulation of cellular metabolic process"	GO:0000122;GO:0006357;GO:0045892;GO:0006355;GO:1903507;GO:2000113;GO:1903506;GO:2000112;GO:1902679;GO:0010558;GO:0031327;GO:2001141;GO:0010556;GO:0031326;GO:0051253;GO:0009890;GO:0031324;GO:0009889;GO:0045934;GO:0051172	7	TRINITY_DN294670_c1_g2	0
"negative regulation of cellular metabolic process"	GO:0000122;GO:0006357;GO:0045892;GO:0006355;GO:1903507;GO:2000113;GO:1903506;GO:2000112;GO:1902679;GO:0010558;GO:0031327;GO:2001141;GO:0010556;GO:0031326;GO:0051253;GO:0009890;GO:0031324;GO:0009889;GO:0045934;GO:0051172	7	TRINITY_DN35365_c0_g1	0
"negative regulation of cellular metabolic process"	GO:0000122;GO:0006357;GO:0045892;GO:0006355;GO:1903507;GO:2000113;GO:1903506;GO:2000112;GO:1902679;GO:0010558;GO:0031327;GO:2001141;GO:0010556;GO:0031326;GO:0051253;GO:0009890;GO:0031324;GO:0009889;GO:0045934;GO:0051172	7	TRINITY_DN664099_c0_g1	0
"mRNA metabolic process"	GO:0016071	5	TRINITY_DN136912_c0_g1	0
"mRNA metabolic process"	GO:0016071	5	TRINITY_DN139711_c0_g1	0
"mRNA metabolic process"	GO:0016071	5	TRINITY_DN151696_c0_g1	0
"mRNA metabolic process"	GO:0016071	5	TRINITY_DN222933_c0_g1	0.946286244255102
"mRNA metabolic process"	GO:0016071	5	TRINITY_DN226750_c0_g1	0
"mRNA metabolic process"	GO:0016071	5	TRINITY_DN227519_c0_g1	0
"mRNA metabolic process"	GO:0016071	5	TRINITY_DN233622_c0_g1	0.850834414651611
"mRNA metabolic process"	GO:0016071	5	TRINITY_DN255206_c0_g1	0.818570020140512
"mRNA metabolic process"	GO:0016071	5	TRINITY_DN256593_c0_g1	0
"mRNA metabolic process"	GO:0016071	5	TRINITY_DN256625_c0_g1	0
"mRNA metabolic process"	GO:0016071	5	TRINITY_DN276080_c0_g2	0.694050595129976
"mRNA metabolic process"	GO:0016071	5	TRINITY_DN276565_c0_g1	0.536621730105253
"mRNA metabolic process"	GO:0016071	5	TRINITY_DN276992_c0_g1	0
"mRNA metabolic process"	GO:0016071	5	TRINITY_DN278325_c0_g1	0
"mRNA metabolic process"	GO:0016071	5	TRINITY_DN278816_c0_g1	0
"mRNA metabolic process"	GO:0016071	5	TRINITY_DN292384_c0_g1	0
"mRNA metabolic process"	GO:0016071	5	TRINITY_DN295262_c7_g2	0
"mRNA metabolic process"	GO:0016071	5	TRINITY_DN296757_c2_g1	0
"mRNA metabolic process"	GO:0016071	5	TRINITY_DN298470_c0_g1	0.943222967967973
"mRNA metabolic process"	GO:0016071	5	TRINITY_DN298470_c0_g3	0
"mRNA metabolic process"	GO:0016071	5	TRINITY_DN298604_c2_g1	0
"mRNA metabolic process"	GO:0016071	5	TRINITY_DN298605_c0_g1	0
"mRNA metabolic process"	GO:0016071	5	TRINITY_DN298605_c1_g3	0
"mRNA metabolic process"	GO:0016071	5	TRINITY_DN298841_c5_g1	0
"mRNA metabolic process"	GO:0016071	5	TRINITY_DN298841_c5_g5	0
"mRNA metabolic process"	GO:0016071	5	TRINITY_DN299271_c0_g2	0.938729658965651
"mRNA metabolic process"	GO:0016071	5	TRINITY_DN299751_c0_g1	0
"mRNA metabolic process"	GO:0016071	5	TRINITY_DN310768_c2_g2	0
"mRNA metabolic process"	GO:0016071	5	TRINITY_DN312794_c0_g1	0
"mRNA metabolic process"	GO:0016071	5	TRINITY_DN316213_c1_g1	0
"mRNA metabolic process"	GO:0016071	5	TRINITY_DN34932_c0_g1	0
"mRNA metabolic process"	GO:0016071	5	TRINITY_DN46127_c0_g1	0
"mRNA metabolic process"	GO:0016071	5	TRINITY_DN4897_c0_g1	0
"mRNA metabolic process"	GO:0016071	5	TRINITY_DN649594_c0_g1	0
"organic substance catabolic process"	GO:0009057;GO:1901575;GO:0009056	2	TRINITY_DN111503_c0_g1	0
"organic substance catabolic process"	GO:0009057;GO:1901575;GO:0009056	2	TRINITY_DN151696_c0_g1	0
"organic substance catabolic process"	GO:0009057;GO:1901575;GO:0009056	2	TRINITY_DN278325_c0_g1	0
"organic substance catabolic process"	GO:0009057;GO:1901575;GO:0009056	2	TRINITY_DN292384_c0_g1	0
"organic substance catabolic process"	GO:0009057;GO:1901575;GO:0009056	2	TRINITY_DN298470_c0_g1	0.943222967967973
"organic substance catabolic process"	GO:0009057;GO:1901575;GO:0009056	2	TRINITY_DN298470_c0_g3	0
"organic substance catabolic process"	GO:0009057;GO:1901575;GO:0009056	2	TRINITY_DN299271_c0_g2	0.938729658965651
"organic substance catabolic process"	GO:0009057;GO:1901575;GO:0009056	2	TRINITY_DN299783_c0_g3	0
"organic substance catabolic process"	GO:0009057;GO:1901575;GO:0009056	2	TRINITY_DN311076_c1_g2	0
"organic substance catabolic process"	GO:0009057;GO:1901575;GO:0009056	2	TRINITY_DN311468_c0_g1	0
"organic substance catabolic process"	GO:0009057;GO:1901575;GO:0009056	2	TRINITY_DN312794_c0_g1	0
"organic substance catabolic process"	GO:0009057;GO:1901575;GO:0009056	2	TRINITY_DN318516_c0_g1	0
"organic substance catabolic process"	GO:0009057;GO:1901575;GO:0009056	2	TRINITY_DN3187_c0_g1	0
"organic substance catabolic process"	GO:0009057;GO:1901575;GO:0009056	2	TRINITY_DN324953_c0_g1	0
"organic substance catabolic process"	GO:0009057;GO:1901575;GO:0009056	2	TRINITY_DN34932_c0_g1	0
"organic substance catabolic process"	GO:0009057;GO:1901575;GO:0009056	2	TRINITY_DN35976_c0_g1	0
"organic substance catabolic process"	GO:0009057;GO:1901575;GO:0009056	2	TRINITY_DN66601_c0_g1	0
"organic substance catabolic process"	GO:0009057;GO:1901575;GO:0009056	2	TRINITY_DN274628_c0_g1	0
"organic substance catabolic process"	GO:0009057;GO:1901575;GO:0009056	2	TRINITY_DN299298_c0_g1	0.794326605982128
"organic substance catabolic process"	GO:0009057;GO:1901575;GO:0009056	2	TRINITY_DN668916_c0_g1	0
"long-chain fatty acid metabolic process"	GO:0001676	2	TRINITY_DN111543_c0_g1	0
"long-chain fatty acid metabolic process"	GO:0001676	2	TRINITY_DN314170_c1_g1	0
"long-chain fatty acid metabolic process"	GO:0001676	2	TRINITY_DN314170_c2_g1	0
"long-chain fatty acid metabolic process"	GO:0001676	2	TRINITY_DN314170_c3_g1	0
"long-chain fatty acid metabolic process"	GO:0001676	2	TRINITY_DN314170_c4_g1	0
"regulation of nucleobase-containing compound metabolic process"	GO:0051252;GO:0019219	5	TRINITY_DN104382_c0_g1	0.808844264315001
"regulation of nucleobase-containing compound metabolic process"	GO:0051252;GO:0019219	5	TRINITY_DN1511_c0_g1	0
"regulation of nucleobase-containing compound metabolic process"	GO:0051252;GO:0019219	5	TRINITY_DN151698_c0_g1	0
"regulation of nucleobase-containing compound metabolic process"	GO:0051252;GO:0019219	5	TRINITY_DN231519_c0_g1	0
"regulation of nucleobase-containing compound metabolic process"	GO:0051252;GO:0019219	5	TRINITY_DN234238_c0_g1	0
"regulation of nucleobase-containing compound metabolic process"	GO:0051252;GO:0019219	5	TRINITY_DN254004_c0_g3	0
"regulation of nucleobase-containing compound metabolic process"	GO:0051252;GO:0019219	5	TRINITY_DN256912_c0_g1	0
"regulation of nucleobase-containing compound metabolic process"	GO:0051252;GO:0019219	5	TRINITY_DN274843_c0_g1	0.891444745769118
"regulation of nucleobase-containing compound metabolic process"	GO:0051252;GO:0019219	5	TRINITY_DN276572_c0_g1	0
"regulation of nucleobase-containing compound metabolic process"	GO:0051252;GO:0019219	5	TRINITY_DN278929_c0_g1	0
"regulation of nucleobase-containing compound metabolic process"	GO:0051252;GO:0019219	5	TRINITY_DN294670_c1_g2	0
"regulation of nucleobase-containing compound metabolic process"	GO:0051252;GO:0019219	5	TRINITY_DN312738_c3_g1	0
"regulation of nucleobase-containing compound metabolic process"	GO:0051252;GO:0019219	5	TRINITY_DN312740_c0_g1	0
"regulation of nucleobase-containing compound metabolic process"	GO:0051252;GO:0019219	5	TRINITY_DN35365_c0_g1	0
"regulation of nucleobase-containing compound metabolic process"	GO:0051252;GO:0019219	5	TRINITY_DN584390_c0_g1	0
"regulation of nucleobase-containing compound metabolic process"	GO:0051252;GO:0019219	5	TRINITY_DN311034_c1_g1	0
"response to chemical"	GO:0042221;GO:0006979;GO:0000302;GO:1901700	2	TRINITY_DN136047_c0_g1	0
"response to chemical"	GO:0042221;GO:0006979;GO:0000302;GO:1901700	2	TRINITY_DN222961_c0_g1	0
"response to chemical"	GO:0042221;GO:0006979;GO:0000302;GO:1901700	2	TRINITY_DN276555_c0_g1	0
"response to chemical"	GO:0042221;GO:0006979;GO:0000302;GO:1901700	2	TRINITY_DN276555_c0_g2	0.91928973431492
"response to chemical"	GO:0042221;GO:0006979;GO:0000302;GO:1901700	2	TRINITY_DN294674_c6_g1	0
"response to chemical"	GO:0042221;GO:0006979;GO:0000302;GO:1901700	2	TRINITY_DN295083_c2_g1	0
"response to chemical"	GO:0042221;GO:0006979;GO:0000302;GO:1901700	2	TRINITY_DN295214_c0_g1	0
"response to chemical"	GO:0042221;GO:0006979;GO:0000302;GO:1901700	2	TRINITY_DN295269_c0_g6	0
"response to chemical"	GO:0042221;GO:0006979;GO:0000302;GO:1901700	2	TRINITY_DN299020_c1_g3	0
"response to chemical"	GO:0042221;GO:0006979;GO:0000302;GO:1901700	2	TRINITY_DN299040_c0_g1	0
"response to chemical"	GO:0042221;GO:0006979;GO:0000302;GO:1901700	2	TRINITY_DN310739_c1_g5	0
"response to chemical"	GO:0042221;GO:0006979;GO:0000302;GO:1901700	2	TRINITY_DN312005_c0_g4	0
"response to chemical"	GO:0042221;GO:0006979;GO:0000302;GO:1901700	2	TRINITY_DN312753_c3_g2	0
"response to chemical"	GO:0042221;GO:0006979;GO:0000302;GO:1901700	2	TRINITY_DN316233_c1_g2	0
"response to chemical"	GO:0042221;GO:0006979;GO:0000302;GO:1901700	2	TRINITY_DN318519_c0_g1	0
"response to chemical"	GO:0042221;GO:0006979;GO:0000302;GO:1901700	2	TRINITY_DN65927_c0_g1	0
"response to chemical"	GO:0042221;GO:0006979;GO:0000302;GO:1901700	2	TRINITY_DN173930_c0_g1	0
"response to chemical"	GO:0042221;GO:0006979;GO:0000302;GO:1901700	2	TRINITY_DN276563_c0_g1	0.703631856647724
"sulfur compound metabolic process"	GO:0000103;GO:0006790	2	TRINITY_DN119014_c0_g1	0
"sulfur compound metabolic process"	GO:0000103;GO:0006790	2	TRINITY_DN277942_c0_g2	0
"sulfur compound metabolic process"	GO:0000103;GO:0006790	2	TRINITY_DN292367_c0_g1	0.873870005145064
"sulfur compound metabolic process"	GO:0000103;GO:0006790	2	TRINITY_DN296719_c0_g1	0
"sulfur compound metabolic process"	GO:0000103;GO:0006790	2	TRINITY_DN296719_c0_g2	0.909464437750982
"sulfur compound metabolic process"	GO:0000103;GO:0006790	2	TRINITY_DN312090_c4_g1	0
"sulfur compound metabolic process"	GO:0000103;GO:0006790	2	TRINITY_DN274628_c0_g1	0
"carboxylic acid metabolic process"	GO:0019752;GO:0043436;GO:0006082	2	TRINITY_DN111543_c0_g1	0
"carboxylic acid metabolic process"	GO:0019752;GO:0043436;GO:0006082	2	TRINITY_DN172833_c0_g1	0
"carboxylic acid metabolic process"	GO:0019752;GO:0043436;GO:0006082	2	TRINITY_DN215898_c0_g1	0
"carboxylic acid metabolic process"	GO:0019752;GO:0043436;GO:0006082	2	TRINITY_DN226917_c0_g1	0
"carboxylic acid metabolic process"	GO:0019752;GO:0043436;GO:0006082	2	TRINITY_DN238495_c0_g1	0
"carboxylic acid metabolic process"	GO:0019752;GO:0043436;GO:0006082	2	TRINITY_DN255881_c0_g1	0
"carboxylic acid metabolic process"	GO:0019752;GO:0043436;GO:0006082	2	TRINITY_DN256470_c1_g2	0
"carboxylic acid metabolic process"	GO:0019752;GO:0043436;GO:0006082	2	TRINITY_DN271058_c0_g1	0
"carboxylic acid metabolic process"	GO:0019752;GO:0043436;GO:0006082	2	TRINITY_DN294661_c0_g1	0.902617564192808
"carboxylic acid metabolic process"	GO:0019752;GO:0043436;GO:0006082	2	TRINITY_DN298815_c0_g1	0.869163046343076
"carboxylic acid metabolic process"	GO:0019752;GO:0043436;GO:0006082	2	TRINITY_DN299758_c2_g1	0
"carboxylic acid metabolic process"	GO:0019752;GO:0043436;GO:0006082	2	TRINITY_DN310747_c3_g1	0
"carboxylic acid metabolic process"	GO:0019752;GO:0043436;GO:0006082	2	TRINITY_DN311792_c0_g1	0
"carboxylic acid metabolic process"	GO:0019752;GO:0043436;GO:0006082	2	TRINITY_DN312062_c0_g1	0.823170138573718
"carboxylic acid metabolic process"	GO:0019752;GO:0043436;GO:0006082	2	TRINITY_DN312711_c0_g1	0
"carboxylic acid metabolic process"	GO:0019752;GO:0043436;GO:0006082	2	TRINITY_DN314170_c1_g1	0
"carboxylic acid metabolic process"	GO:0019752;GO:0043436;GO:0006082	2	TRINITY_DN314170_c2_g1	0
"carboxylic acid metabolic process"	GO:0019752;GO:0043436;GO:0006082	2	TRINITY_DN314170_c3_g1	0
"carboxylic acid metabolic process"	GO:0019752;GO:0043436;GO:0006082	2	TRINITY_DN314170_c4_g1	0
"carboxylic acid metabolic process"	GO:0019752;GO:0043436;GO:0006082	2	TRINITY_DN314641_c0_g1	0
"carboxylic acid metabolic process"	GO:0019752;GO:0043436;GO:0006082	2	TRINITY_DN314835_c0_g1	0
"carboxylic acid metabolic process"	GO:0019752;GO:0043436;GO:0006082	2	TRINITY_DN314835_c0_g2	0
"carboxylic acid metabolic process"	GO:0019752;GO:0043436;GO:0006082	2	TRINITY_DN372963_c0_g1	0
"carboxylic acid metabolic process"	GO:0019752;GO:0043436;GO:0006082	2	TRINITY_DN45784_c0_g1	0
"carboxylic acid metabolic process"	GO:0019752;GO:0043436;GO:0006082	2	TRINITY_DN63784_c0_g1	0
"aromatic compound catabolic process"	GO:0000956;GO:0006402;GO:0006401;GO:0034655;GO:0019439;GO:0044270;GO:0046700;GO:1901361	4	TRINITY_DN151696_c0_g1	0
"aromatic compound catabolic process"	GO:0000956;GO:0006402;GO:0006401;GO:0034655;GO:0019439;GO:0044270;GO:0046700;GO:1901361	4	TRINITY_DN278325_c0_g1	0
"aromatic compound catabolic process"	GO:0000956;GO:0006402;GO:0006401;GO:0034655;GO:0019439;GO:0044270;GO:0046700;GO:1901361	4	TRINITY_DN292384_c0_g1	0
"aromatic compound catabolic process"	GO:0000956;GO:0006402;GO:0006401;GO:0034655;GO:0019439;GO:0044270;GO:0046700;GO:1901361	4	TRINITY_DN298470_c0_g1	0.943222967967973
"aromatic compound catabolic process"	GO:0000956;GO:0006402;GO:0006401;GO:0034655;GO:0019439;GO:0044270;GO:0046700;GO:1901361	4	TRINITY_DN298470_c0_g3	0
"aromatic compound catabolic process"	GO:0000956;GO:0006402;GO:0006401;GO:0034655;GO:0019439;GO:0044270;GO:0046700;GO:1901361	4	TRINITY_DN299271_c0_g2	0.938729658965651
"aromatic compound catabolic process"	GO:0000956;GO:0006402;GO:0006401;GO:0034655;GO:0019439;GO:0044270;GO:0046700;GO:1901361	4	TRINITY_DN312794_c0_g1	0
"aromatic compound catabolic process"	GO:0000956;GO:0006402;GO:0006401;GO:0034655;GO:0019439;GO:0044270;GO:0046700;GO:1901361	4	TRINITY_DN34932_c0_g1	0
"aromatic compound catabolic process"	GO:0000956;GO:0006402;GO:0006401;GO:0034655;GO:0019439;GO:0044270;GO:0046700;GO:1901361	4	TRINITY_DN318516_c0_g1	0
"aromatic compound catabolic process"	GO:0000956;GO:0006402;GO:0006401;GO:0034655;GO:0019439;GO:0044270;GO:0046700;GO:1901361	4	TRINITY_DN668916_c0_g1	0
"anatomical structure formation involved in morphogenesis"	GO:0048646	2	TRINITY_DN111787_c0_g1	0
"anatomical structure formation involved in morphogenesis"	GO:0048646	2	TRINITY_DN226689_c0_g1	0
"anatomical structure formation involved in morphogenesis"	GO:0048646	2	TRINITY_DN23303_c0_g1	0
"anatomical structure formation involved in morphogenesis"	GO:0048646	2	TRINITY_DN314645_c3_g2	0
"anatomical structure formation involved in morphogenesis"	GO:0048646	2	TRINITY_DN314645_c3_g3	0
"anatomical structure formation involved in morphogenesis"	GO:0048646	2	TRINITY_DN619899_c0_g1	0
"cytokinesis"	GO:0000281;GO:0061640;GO:0000910	2	TRINITY_DN110214_c0_g1	0
"cytokinesis"	GO:0000281;GO:0061640;GO:0000910	2	TRINITY_DN211146_c0_g1	0
"cytokinesis"	GO:0000281;GO:0061640;GO:0000910	2	TRINITY_DN226748_c0_g1	0
"cytokinesis"	GO:0000281;GO:0061640;GO:0000910	2	TRINITY_DN256517_c0_g1	0
"cytokinesis"	GO:0000281;GO:0061640;GO:0000910	2	TRINITY_DN293346_c6_g1	0
"cytokinesis"	GO:0000281;GO:0061640;GO:0000910	2	TRINITY_DN296368_c1_g1	0
"cytokinesis"	GO:0000281;GO:0061640;GO:0000910	2	TRINITY_DN298474_c8_g1	0
"cytokinesis"	GO:0000281;GO:0061640;GO:0000910	2	TRINITY_DN298843_c0_g1	0
"cytokinesis"	GO:0000281;GO:0061640;GO:0000910	2	TRINITY_DN312087_c2_g2	0
"cytokinesis"	GO:0000281;GO:0061640;GO:0000910	2	TRINITY_DN312087_c2_g6	0
"cytokinesis"	GO:0000281;GO:0061640;GO:0000910	2	TRINITY_DN312087_c2_g7	0
"cytokinesis"	GO:0000281;GO:0061640;GO:0000910	2	TRINITY_DN312741_c6_g2	0
"cytokinesis"	GO:0000281;GO:0061640;GO:0000910	2	TRINITY_DN314620_c0_g2	0
"cytokinesis"	GO:0000281;GO:0061640;GO:0000910	2	TRINITY_DN316927_c2_g1	0
"cytokinesis"	GO:0000281;GO:0061640;GO:0000910	2	TRINITY_DN316953_c8_g3	0
"cytokinesis"	GO:0000281;GO:0061640;GO:0000910	2	TRINITY_DN316954_c4_g2	0
"cytokinesis"	GO:0000281;GO:0061640;GO:0000910	2	TRINITY_DN591414_c0_g1	0
"cytokinesis"	GO:0000281;GO:0061640;GO:0000910	2	TRINITY_DN274625_c0_g1	0
"positive regulation of cellular process"	GO:0048522	4	TRINITY_DN136047_c0_g1	0
"positive regulation of cellular process"	GO:0048522	4	TRINITY_DN227534_c0_g1	0
"positive regulation of cellular process"	GO:0048522	4	TRINITY_DN2354_c0_g1	0
"positive regulation of cellular process"	GO:0048522	4	TRINITY_DN254274_c0_g1	0
"positive regulation of cellular process"	GO:0048522	4	TRINITY_DN292394_c0_g1	0
"positive regulation of cellular process"	GO:0048522	4	TRINITY_DN294139_c0_g3	0
"positive regulation of cellular process"	GO:0048522	4	TRINITY_DN295269_c0_g3	0
"positive regulation of cellular process"	GO:0048522	4	TRINITY_DN295269_c0_g6	0
"positive regulation of cellular process"	GO:0048522	4	TRINITY_DN298143_c0_g1	0.90164158940335
"positive regulation of cellular process"	GO:0048522	4	TRINITY_DN298441_c0_g1	0
"ribosomal large subunit assembly"	GO:0000027	2	TRINITY_DN136945_c0_g1	0
"ribosomal large subunit assembly"	GO:0000027	2	TRINITY_DN255991_c0_g1	0
"ribosomal large subunit assembly"	GO:0000027	2	TRINITY_DN255991_c0_g2	0
"ribosomal large subunit assembly"	GO:0000027	2	TRINITY_DN293394_c0_g1	0
"ribosomal large subunit assembly"	GO:0000027	2	TRINITY_DN294675_c2_g1	0
"ribosomal large subunit assembly"	GO:0000027	2	TRINITY_DN298612_c1_g2	0
"ribosomal large subunit assembly"	GO:0000027	2	TRINITY_DN298612_c2_g1	0
"ribosomal large subunit assembly"	GO:0000027	2	TRINITY_DN298612_c2_g13	0
"ribosomal large subunit assembly"	GO:0000027	2	TRINITY_DN298612_c2_g16	0
"ribosomal large subunit assembly"	GO:0000027	2	TRINITY_DN298612_c2_g4	0
"ribosomal large subunit assembly"	GO:0000027	2	TRINITY_DN298612_c2_g6	0
"ribosomal large subunit assembly"	GO:0000027	2	TRINITY_DN298612_c2_g9	0
"ribosomal large subunit assembly"	GO:0000027	2	TRINITY_DN298832_c1_g1	0
"ribosomal large subunit assembly"	GO:0000027	2	TRINITY_DN298848_c3_g2	0
"ribosomal large subunit assembly"	GO:0000027	2	TRINITY_DN314199_c1_g1	0
"ribosomal large subunit assembly"	GO:0000027	2	TRINITY_DN314236_c0_g1	0
"ribosomal large subunit assembly"	GO:0000027	2	TRINITY_DN401243_c0_g1	0
"ribosomal large subunit assembly"	GO:0000027	2	TRINITY_DN540230_c0_g1	0
"ribosomal large subunit assembly"	GO:0000027	2	TRINITY_DN61086_c0_g1	0
"regulation of gene expression"	GO:0010468	2	TRINITY_DN104382_c0_g1	0.808844264315001
"regulation of gene expression"	GO:0010468	2	TRINITY_DN1511_c0_g1	0
"regulation of gene expression"	GO:0010468	2	TRINITY_DN151696_c0_g1	0
"regulation of gene expression"	GO:0010468	2	TRINITY_DN151698_c0_g1	0
"regulation of gene expression"	GO:0010468	2	TRINITY_DN231519_c0_g1	0
"regulation of gene expression"	GO:0010468	2	TRINITY_DN234238_c0_g1	0
"regulation of gene expression"	GO:0010468	2	TRINITY_DN254004_c0_g3	0
"regulation of gene expression"	GO:0010468	2	TRINITY_DN256912_c0_g1	0
"regulation of gene expression"	GO:0010468	2	TRINITY_DN274843_c0_g1	0.891444745769118
"regulation of gene expression"	GO:0010468	2	TRINITY_DN276572_c0_g1	0
"regulation of gene expression"	GO:0010468	2	TRINITY_DN278325_c0_g1	0
"regulation of gene expression"	GO:0010468	2	TRINITY_DN278929_c0_g1	0
"regulation of gene expression"	GO:0010468	2	TRINITY_DN292384_c0_g1	0
"regulation of gene expression"	GO:0010468	2	TRINITY_DN294670_c1_g2	0
"regulation of gene expression"	GO:0010468	2	TRINITY_DN298470_c0_g1	0.943222967967973
"regulation of gene expression"	GO:0010468	2	TRINITY_DN298470_c0_g3	0
"regulation of gene expression"	GO:0010468	2	TRINITY_DN299271_c0_g2	0.938729658965651
"regulation of gene expression"	GO:0010468	2	TRINITY_DN312738_c3_g1	0
"regulation of gene expression"	GO:0010468	2	TRINITY_DN312740_c0_g1	0
"regulation of gene expression"	GO:0010468	2	TRINITY_DN312794_c0_g1	0
"regulation of gene expression"	GO:0010468	2	TRINITY_DN34932_c0_g1	0
"regulation of gene expression"	GO:0010468	2	TRINITY_DN35365_c0_g1	0
"regulation of gene expression"	GO:0010468	2	TRINITY_DN584390_c0_g1	0
"cofactor metabolic process"	GO:0051186;GO:0051188	2	TRINITY_DN274628_c0_g1	0
"cofactor metabolic process"	GO:0051186;GO:0051188	2	TRINITY_DN278381_c0_g1	0
"cofactor metabolic process"	GO:0051186;GO:0051188	2	TRINITY_DN278381_c0_g8	0
"cofactor metabolic process"	GO:0051186;GO:0051188	2	TRINITY_DN312715_c0_g1	0.801130375344902
"cofactor metabolic process"	GO:0051186;GO:0051188	2	TRINITY_DN312715_c0_g3	0
"cofactor metabolic process"	GO:0051186;GO:0051188	2	TRINITY_DN4493_c0_g1	0
"pseudouridine synthesis"	GO:0001522	6	TRINITY_DN271211_c1_g1	0.875251545259879
"pseudouridine synthesis"	GO:0001522	6	TRINITY_DN271669_c0_g1	0
"pseudouridine synthesis"	GO:0001522	6	TRINITY_DN293826_c5_g4	0
"pseudouridine synthesis"	GO:0001522	6	TRINITY_DN293826_c5_g5	0
"pseudouridine synthesis"	GO:0001522	6	TRINITY_DN294187_c0_g1	0
"small molecule metabolic process"	GO:0044281	2	TRINITY_DN111543_c0_g1	0
"small molecule metabolic process"	GO:0044281	2	TRINITY_DN172833_c0_g1	0
"small molecule metabolic process"	GO:0044281	2	TRINITY_DN173172_c0_g1	0
"small molecule metabolic process"	GO:0044281	2	TRINITY_DN215898_c0_g1	0
"small molecule metabolic process"	GO:0044281	2	TRINITY_DN226185_c0_g1	0
"small molecule metabolic process"	GO:0044281	2	TRINITY_DN226917_c0_g1	0
"small molecule metabolic process"	GO:0044281	2	TRINITY_DN238495_c0_g1	0
"small molecule metabolic process"	GO:0044281	2	TRINITY_DN255881_c0_g1	0
"small molecule metabolic process"	GO:0044281	2	TRINITY_DN256470_c1_g2	0
"small molecule metabolic process"	GO:0044281	2	TRINITY_DN271058_c0_g1	0
"small molecule metabolic process"	GO:0044281	2	TRINITY_DN276028_c3_g1	0
"small molecule metabolic process"	GO:0044281	2	TRINITY_DN294661_c0_g1	0.902617564192808
"small molecule metabolic process"	GO:0044281	2	TRINITY_DN298815_c0_g1	0.869163046343076
"small molecule metabolic process"	GO:0044281	2	TRINITY_DN299298_c0_g1	0.794326605982128
"small molecule metabolic process"	GO:0044281	2	TRINITY_DN299758_c2_g1	0
"small molecule metabolic process"	GO:0044281	2	TRINITY_DN310747_c3_g1	0
"small molecule metabolic process"	GO:0044281	2	TRINITY_DN311792_c0_g1	0
"small molecule metabolic process"	GO:0044281	2	TRINITY_DN312062_c0_g1	0.823170138573718
"small molecule metabolic process"	GO:0044281	2	TRINITY_DN312711_c0_g1	0
"small molecule metabolic process"	GO:0044281	2	TRINITY_DN312715_c0_g1	0.801130375344902
"small molecule metabolic process"	GO:0044281	2	TRINITY_DN312715_c0_g3	0
"small molecule metabolic process"	GO:0044281	2	TRINITY_DN314170_c1_g1	0
"small molecule metabolic process"	GO:0044281	2	TRINITY_DN314170_c2_g1	0
"small molecule metabolic process"	GO:0044281	2	TRINITY_DN314170_c3_g1	0
"small molecule metabolic process"	GO:0044281	2	TRINITY_DN314170_c4_g1	0
"small molecule metabolic process"	GO:0044281	2	TRINITY_DN314641_c0_g1	0
"small molecule metabolic process"	GO:0044281	2	TRINITY_DN314835_c0_g1	0
"small molecule metabolic process"	GO:0044281	2	TRINITY_DN314835_c0_g2	0
"small molecule metabolic process"	GO:0044281	2	TRINITY_DN35249_c0_g1	0
"small molecule metabolic process"	GO:0044281	2	TRINITY_DN372963_c0_g1	0
"small molecule metabolic process"	GO:0044281	2	TRINITY_DN45784_c0_g1	0
"small molecule metabolic process"	GO:0044281	2	TRINITY_DN63784_c0_g1	0
"small molecule metabolic process"	GO:0044281	2	TRINITY_DN6494_c0_g1	0
"small molecule metabolic process"	GO:0044281	2	TRINITY_DN668916_c0_g1	0
"establishment of localization"	GO:0006810;GO:0051234;GO:0051179	2	TRINITY_DN220745_c0_g1	0
"establishment of localization"	GO:0006810;GO:0051234;GO:0051179	2	TRINITY_DN226611_c0_g1	0
"establishment of localization"	GO:0006810;GO:0051234;GO:0051179	2	TRINITY_DN228041_c0_g1	0
"establishment of localization"	GO:0006810;GO:0051234;GO:0051179	2	TRINITY_DN252333_c0_g1	0
"establishment of localization"	GO:0006810;GO:0051234;GO:0051179	2	TRINITY_DN278343_c0_g1	0
"establishment of localization"	GO:0006810;GO:0051234;GO:0051179	2	TRINITY_DN292335_c2_g11	0
"establishment of localization"	GO:0006810;GO:0051234;GO:0051179	2	TRINITY_DN292387_c1_g4	0
"establishment of localization"	GO:0006810;GO:0051234;GO:0051179	2	TRINITY_DN292396_c0_g1	0
"establishment of localization"	GO:0006810;GO:0051234;GO:0051179	2	TRINITY_DN292396_c0_g2	0
"establishment of localization"	GO:0006810;GO:0051234;GO:0051179	2	TRINITY_DN292396_c0_g3	0
"establishment of localization"	GO:0006810;GO:0051234;GO:0051179	2	TRINITY_DN292396_c0_g4	0
"establishment of localization"	GO:0006810;GO:0051234;GO:0051179	2	TRINITY_DN294779_c1_g1	0
"establishment of localization"	GO:0006810;GO:0051234;GO:0051179	2	TRINITY_DN299209_c0_g1	0
"establishment of localization"	GO:0006810;GO:0051234;GO:0051179	2	TRINITY_DN299634_c0_g1	0.797431515104772
"establishment of localization"	GO:0006810;GO:0051234;GO:0051179	2	TRINITY_DN299759_c0_g1	0.897258880520678
"establishment of localization"	GO:0006810;GO:0051234;GO:0051179	2	TRINITY_DN311464_c0_g1	0
"establishment of localization"	GO:0006810;GO:0051234;GO:0051179	2	TRINITY_DN311498_c1_g1	0.908153890286017
"establishment of localization"	GO:0006810;GO:0051234;GO:0051179	2	TRINITY_DN316646_c2_g1	0
"establishment of localization"	GO:0006810;GO:0051234;GO:0051179	2	TRINITY_DN316937_c0_g1	0
"establishment of localization"	GO:0006810;GO:0051234;GO:0051179	2	TRINITY_DN316937_c0_g4	0
"establishment of localization"	GO:0006810;GO:0051234;GO:0051179	2	TRINITY_DN52681_c0_g1	0
"establishment of localization"	GO:0006810;GO:0051234;GO:0051179	2	TRINITY_DN659541_c0_g1	0
"establishment of localization"	GO:0006810;GO:0051234;GO:0051179	2	TRINITY_DN293346_c7_g1	0
"establishment of localization"	GO:0006810;GO:0051234;GO:0051179	2	TRINITY_DN295224_c1_g2	0
"cellular response to stimulus"	GO:0006974;GO:0033554;GO:0051716	3	TRINITY_DN11157_c0_g1	0
"cellular response to stimulus"	GO:0006974;GO:0033554;GO:0051716	3	TRINITY_DN22013_c0_g1	0
"cellular response to stimulus"	GO:0006974;GO:0033554;GO:0051716	3	TRINITY_DN226749_c0_g1	0.906858796603995
"cellular response to stimulus"	GO:0006974;GO:0033554;GO:0051716	3	TRINITY_DN238638_c0_g1	0
"cellular response to stimulus"	GO:0006974;GO:0033554;GO:0051716	3	TRINITY_DN254119_c0_g1	0
"cellular response to stimulus"	GO:0006974;GO:0033554;GO:0051716	3	TRINITY_DN292970_c0_g1	0
"cellular response to stimulus"	GO:0006974;GO:0033554;GO:0051716	3	TRINITY_DN292970_c0_g2	0
"cellular response to stimulus"	GO:0006974;GO:0033554;GO:0051716	3	TRINITY_DN294144_c2_g1	0
"cellular response to stimulus"	GO:0006974;GO:0033554;GO:0051716	3	TRINITY_DN298161_c0_g2	0
"cellular response to stimulus"	GO:0006974;GO:0033554;GO:0051716	3	TRINITY_DN312745_c1_g1	0
"cellular response to stimulus"	GO:0006974;GO:0033554;GO:0051716	3	TRINITY_DN312745_c1_g3	0
"cellular response to stimulus"	GO:0006974;GO:0033554;GO:0051716	3	TRINITY_DN314174_c1_g2	0
"cellular response to stimulus"	GO:0006974;GO:0033554;GO:0051716	3	TRINITY_DN451916_c0_g1	0
"cellular response to stimulus"	GO:0006974;GO:0033554;GO:0051716	3	TRINITY_DN136047_c0_g1	0
"cellular response to stimulus"	GO:0006974;GO:0033554;GO:0051716	3	TRINITY_DN295269_c0_g6	0
"organophosphate metabolic process"	GO:0090407;GO:0019637	3	TRINITY_DN311070_c1_g1	0
"organophosphate metabolic process"	GO:0090407;GO:0019637	3	TRINITY_DN312715_c0_g1	0.801130375344902
"organophosphate metabolic process"	GO:0090407;GO:0019637	3	TRINITY_DN312715_c0_g3	0
"organophosphate metabolic process"	GO:0090407;GO:0019637	3	TRINITY_DN380357_c0_g1	0
"organophosphate metabolic process"	GO:0090407;GO:0019637	3	TRINITY_DN4493_c0_g1	0
"monocarboxylic acid metabolic process"	GO:0006631;GO:0032787	5	TRINITY_DN111543_c0_g1	0
"monocarboxylic acid metabolic process"	GO:0006631;GO:0032787	5	TRINITY_DN215898_c0_g1	0
"monocarboxylic acid metabolic process"	GO:0006631;GO:0032787	5	TRINITY_DN226917_c0_g1	0
"monocarboxylic acid metabolic process"	GO:0006631;GO:0032787	5	TRINITY_DN238495_c0_g1	0
"monocarboxylic acid metabolic process"	GO:0006631;GO:0032787	5	TRINITY_DN256470_c1_g2	0
"monocarboxylic acid metabolic process"	GO:0006631;GO:0032787	5	TRINITY_DN298815_c0_g1	0.869163046343076
"monocarboxylic acid metabolic process"	GO:0006631;GO:0032787	5	TRINITY_DN311792_c0_g1	0
"monocarboxylic acid metabolic process"	GO:0006631;GO:0032787	5	TRINITY_DN312711_c0_g1	0
"monocarboxylic acid metabolic process"	GO:0006631;GO:0032787	5	TRINITY_DN314170_c1_g1	0
"monocarboxylic acid metabolic process"	GO:0006631;GO:0032787	5	TRINITY_DN314170_c2_g1	0
"monocarboxylic acid metabolic process"	GO:0006631;GO:0032787	5	TRINITY_DN314170_c3_g1	0
"monocarboxylic acid metabolic process"	GO:0006631;GO:0032787	5	TRINITY_DN314170_c4_g1	0
"monocarboxylic acid metabolic process"	GO:0006631;GO:0032787	5	TRINITY_DN314641_c0_g1	0
"monocarboxylic acid metabolic process"	GO:0006631;GO:0032787	5	TRINITY_DN271058_c0_g1	0
"proteolysis"	GO:0006508	3	TRINITY_DN111503_c0_g1	0
"proteolysis"	GO:0006508	3	TRINITY_DN271251_c0_g1	0
"proteolysis"	GO:0006508	3	TRINITY_DN311468_c0_g1	0
"proteolysis"	GO:0006508	3	TRINITY_DN314255_c0_g1	0
"proteolysis"	GO:0006508	3	TRINITY_DN3187_c0_g1	0
"proteolysis"	GO:0006508	3	TRINITY_DN35976_c0_g1	0
"proteolysis"	GO:0006508	3	TRINITY_DN66601_c0_g1	0
"lipid biosynthetic process"	GO:0008610	2	TRINITY_DN215898_c0_g1	0
"lipid biosynthetic process"	GO:0008610	2	TRINITY_DN226185_c0_g1	0
"lipid biosynthetic process"	GO:0008610	2	TRINITY_DN226917_c0_g1	0
"lipid biosynthetic process"	GO:0008610	2	TRINITY_DN238495_c0_g1	0
"lipid biosynthetic process"	GO:0008610	2	TRINITY_DN293491_c0_g1	0
"lipid biosynthetic process"	GO:0008610	2	TRINITY_DN296361_c0_g1	0.854445263210741
"lipid biosynthetic process"	GO:0008610	2	TRINITY_DN296361_c0_g2	0
"lipid biosynthetic process"	GO:0008610	2	TRINITY_DN298815_c0_g1	0.869163046343076
"lipid biosynthetic process"	GO:0008610	2	TRINITY_DN311070_c1_g1	0
"lipid biosynthetic process"	GO:0008610	2	TRINITY_DN312765_c0_g1	0.891171669831389
"lipid biosynthetic process"	GO:0008610	2	TRINITY_DN312765_c0_g3	0
"lipid biosynthetic process"	GO:0008610	2	TRINITY_DN312765_c0_g4	0.970378230218717
"lipid biosynthetic process"	GO:0008610	2	TRINITY_DN314830_c2_g1	0
"lipid biosynthetic process"	GO:0008610	2	TRINITY_DN314830_c3_g3	0
"lipid biosynthetic process"	GO:0008610	2	TRINITY_DN380357_c0_g1	0
"lipid biosynthetic process"	GO:0008610	2	TRINITY_DN46282_c0_g1	0
